Diffusion in Zeolites. ZSM5 (Silicate) Crystal Structure, Si(96)O(192) +
         2         2       300     10000   1.0000000E-03   1.0000000E+01
       20.3183600000        0.0000000000        0.0000000000            
        0.0000000000       20.1714600000        0.0000000000            
        0.0000000000        0.0000000000       13.5858629500            
Si               1                                                      
     1.660551935        -1.307854002        -4.562583572                
     3.633257144        0.8745480093       -0.9178290502                
    -2990.307149        -7839.582234        -6961.627818                
Si               2                                                      
    -8.521495551        -8.900601997        -2.253562270                
    0.4916122159        -1.945780573        -1.888296128                
    -4086.266591        -3492.463624        -1911.927375                
Si               3                                                      
    -8.485314388        -1.311613134        -2.188442122                
     2.125750056       -0.9263788057E-01    0.1599015409E-01            
     6724.887890        -576.6914354         7265.429121                
Si               4                                                      
     1.639064470        -8.847046832        -4.697477294                
    -1.978190656         1.543420081        0.6827136621                
    -6636.525976        -5509.125931        -3056.795751                
Si               5                                                      
     4.038791865       -0.6606351808        -2.672195487                
     2.277382425        -2.122105320         2.934473301                
    -8694.714044         5589.519990        -1994.549390                
Si               6                                                      
    -6.157433983        -9.609986005        -4.122926423                
     3.959612245        -2.264036097       -0.2776376620                
     10264.25845        -9132.221798        -17171.55368                
Si               7                                                      
    -6.126707236       -0.6399253133        -4.080262157                
     2.679029046        0.8181237106        -2.481698893                
     1807.307936        -13935.58762        -1236.804648                
Si               8                                                      
     4.012942037        -9.499925255        -2.789181408                
    0.9737101126       -0.3024856533       -0.2096561095                
    -859.5411595         1227.930839        -4706.147742                
Si               9                                                      
     5.725005369         1.191941712        -6.449794947                
    0.5113353144       -0.4881509890        -2.300618275                
    -2932.410870         4034.800751        -2128.509130                
Si              10                                                      
    -4.482975892         8.791583139       -0.3697548718                
    -1.090917183        -1.140168743        -3.393877129                
    -2344.755356         3791.750189        -2622.393237                
Si              11                                                      
    -4.401181602         1.262760380       -0.2893739986                
    0.5946415353        -1.885304977        0.6590725795                
     5347.890652         8186.727872        -2666.942718                
Si              12                                                      
     5.709633480         8.832149977        -6.510435711                
    0.8630049435       -0.2004291800       -0.1553561015                
     937.7760033        -1516.219391         7679.308003                
Si              13                                                      
     2.564472474         1.137276591        -6.380969115                
     2.301250696        -2.264951438        0.5938510049                
    -4739.227902         2700.127215         7333.019486                
Si              14                                                      
    -7.680149132         8.824425983       -0.3715777436                
    0.3096011105        0.2640394521E-01    -1.993239654                
     4372.980194        -2664.658052         1691.211900                
Si              15                                                      
    -7.559843246         1.117331166       -0.3353314428                
    -2.258480557        -3.211397602        0.6508160592                
    -9363.076800         3024.880642         14154.30295                
Si              16                                                      
     2.520549882         8.862167974        -6.521519861                
    -2.582636633         1.593825585        -3.080079298                
    -18788.22334        -562.3407858        -2589.745903                
Si              17                                                      
     8.794661631       -0.6933150717        -2.537997015                
   -0.4112949177       -0.5234837264       -0.5081578181                
     5664.775136        -3335.237666         3362.866230                
Si              18                                                      
    -1.388159528        -9.473591117        -4.301486499                
    -1.301423545        -1.564747414         1.045969102                
     12135.19953         1174.590484         4042.073989                
Si              19                                                      
    -1.332194942       -0.6674016890        -4.164478329                
    0.8167323664       -0.4641620863         2.571729376                
    -9951.516180         656.6636396         10818.71669                
Si              20                                                      
     8.782983319        -9.502769990        -2.651831823                
    0.8157425158         1.449383637        0.1916862098                
     10856.72065         6692.318015         4558.898315                
Si              21                                                      
     6.487120605        -1.232344396        -4.587633126                
   -0.1893726002        -1.599668840        0.4349532051                
    -949.9756054         6832.156987         4377.700089                
Si              22                                                      
    -3.670170021        -8.986407241        -2.254246273                
    -1.147324014         4.077015982       -0.8215365727                
    -1534.990720         6942.660814         847.4803178                
Si              23                                                      
    -3.666485533        -1.194646778        -2.157105395                
   -0.6471875479        -1.544129914         1.971624970                
    -2852.911785         6735.382926        -11509.89357                
Si              24                                                      
     6.506923429        -8.891390523        -4.661702142                
     1.760860840        0.2287255014        0.1993611550                
    -2872.799712         1585.734850         4179.038972                
Si              25                                                      
     1.600828211         3.442513987        -4.408752311                
    -1.487276706         1.521808592       -0.5752580634                
    -6510.268482        -13598.62698        -7709.444938                
Si              26                                                      
    -8.602542128         6.525077171        -2.280298386                
    0.5767587286       -0.1427990713        -2.443001412                
     8625.112993         3099.209542         1018.753449                
Si              27                                                      
    -8.597948912         3.416218472        -2.195351068                
     1.140317818       -0.1737418261E-01    -1.027821814                
     10990.52040        -5195.219077         179.8084672                
Si              28                                                      
     1.601780367         6.591450910        -4.554604168                
    0.2067109919E-01     1.379935364        -1.109215931                
     6113.912624        -9580.172220         1103.175632                
Si              29                                                      
     3.962141520         2.551343640        -2.582502063                
     1.306231370        0.3774321920       -0.4886495835                
     6067.763479         2028.456609        -837.0488352                
Si              30                                                      
    -6.225046469         7.373169926        -4.142983999                
    -1.026382304       -0.1725754270         2.098707835                
     13506.06492         9541.300154         2774.327808                
Si              31                                                      
    -6.208874926         2.512537662        -4.048389296                
    -1.820152522        -2.014657426        -2.629704036                
     2265.798111         18305.28190         15.44865522                
Si              32                                                      
     4.072595268         7.468284083        -2.802351806                
    0.4049228912         1.584305571         1.783862885                
     688.9906100        -5350.080412         5037.525173                
Si              33                                                      
     5.764161464        -3.524994958        -6.490240117                
     2.537614116         2.990699532         1.536295012                
    -4774.966205        -5609.172442        -4216.204208                
Si              34                                                      
    -4.419379401        -6.620909273       -0.3595331646                
     1.627761023        -1.706309836        -2.724132772                
    -7897.600066         1153.340588         3904.359364                
Si              35                                                      
    -4.401586043        -3.521614402       -0.2785589653                
     1.045946904        -1.128903894        -1.585141395                
    -3333.706065        -21683.13508        -5646.859868                
Si              36                                                      
     5.738496440        -6.600143198        -6.576725752                
    0.4524402666         1.091472143        -1.543506490                
     10593.34292        -4873.833173        -9858.822141                
Si              37                                                      
     2.576056338        -3.575545986        -6.513062310                
    -2.407700105         2.419179699         2.423574850                
    -8339.093644         12142.95983        -14698.82266                
Si              38                                                      
    -7.587927872        -6.654037378       -0.3277073068                
    -2.813555405         1.235952979        0.4278824615E-01            
     679.1912011         14909.03499         1551.528772                
Si              39                                                      
    -7.595209406        -3.555288609       -0.2205099831                
     1.136002263         1.980696119         2.253123961                
     7608.049480         873.1438859         1717.352399                
Si              40                                                      
     2.570624584        -6.682520280        -6.710941916                
     1.385075538        -1.105669992         2.054018185                
    -36.47672347        -1580.428218        -12989.19938                
Si              41                                                      
     8.737874716         2.479368441        -2.440372239                
    -1.676288445        -1.551286545        0.4333478323                
    -7210.583799        -3074.842566        -3438.327405                
Si              42                                                      
    -1.372492877         7.514019869        -4.251604008                
    -1.465431202       -0.5060259534        -1.946919016                
     3005.363655         7537.810118        -8183.163921                
Si              43                                                      
    -1.376450108         2.492667905        -4.179474185                
    -1.611156719        -2.111620229        -1.950578714                
     8006.887823        -802.6623830        -3376.601405                
Si              44                                                      
     8.788439675         7.532433052        -2.658997994                
     1.810059447         1.471429544        -1.979812931                
     3431.616705        -9338.988161         9905.515007                
Si              45                                                      
     6.442807669         3.425626017        -4.386724815                
    -2.135884360       -0.7125068766        -1.920384837                
     3688.501869        -1436.727344         3060.655032                
Si              46                                                      
    -3.674183791         6.573819289        -2.395232051                
    0.7297503673         1.449539309        0.5016103334                
    -1976.533023        -6328.732111        -4132.022295                
Si              47                                                      
    -3.681554950         3.458244448        -2.319387894                
    -1.863176745         1.914402167        -3.552324460                
    -8957.316467         6054.355651        -660.7302791                
Si              48                                                      
     6.535992979         6.520421659        -4.570289355                
     2.159773289         1.386206240       -0.9344076806                
    -2576.702281         9753.922701        -5968.714723                
Si              49                                                      
     8.659489721         1.134043970         2.203600539                
     3.525762867         1.086133072         2.532920713                
     1646.906690         13998.71613        -5873.957892                
Si              50                                                      
    -1.624332783         8.807805005         4.555926996                
   -0.6715821633        0.3546631711        -1.612459665                
     26.90021291        -6365.356183         7017.484229                
Si              51                                                      
    -1.517137366         1.211173000         4.634767204                
    -1.606205275       -0.7954162108       -0.3746549362                
    -12500.46334        -2519.407456         7740.653318                
Si              52                                                      
     8.550111573         8.824659611         2.113148405                
    0.9334526004        -4.834675808        0.1082673289                
     1434.135034         1307.491225         3936.015433                
Si              53                                                      
     6.292039461        0.5926287523         4.106314812                
    -2.817963395        -2.587851878         2.091586760                
    -7282.316143         1229.627234         5842.019994                
Si              54                                                      
    -3.987147793         9.377073171         2.647175111                
    -3.018503265       -0.2060678459       -0.4936529509                
    -4089.954386        -3674.731059        -1320.191140                
Si              55                                                      
    -3.851682781        0.6009567548         2.698737128                
     2.128369528       -0.2090047826        0.4879188269                
    -8242.745751         2586.298052         7382.188146                
Si              56                                                      
     6.186625064         9.452896510         4.066109394                
    -1.528938617         1.682468171         2.217468045                
    -15329.35374         5627.662136        -14010.90519                
Si              57                                                      
     4.555264166        -1.184667331        0.3389631979                
     2.202838602       -0.3580239675        0.2211338972                
     78.54676275        -2628.725567         7453.409443                
Si              58                                                      
    -5.665267587        -8.962535050         6.411337147                
   -0.2799043084        0.1764912137        0.8415698121                
    -4400.276497         4603.014404        -319.4756009                
Si              59                                                      
    -5.563831460        -1.340236757         6.513233694                
   -0.7547204458        0.1150100089       -0.4543839230                
     6809.685689        -3273.353383        -7765.677100                
Si              60                                                      
     4.500217248        -8.861412514        0.2125440077                
    -2.588088936         1.521683001        -1.378935711                
     6491.643493         4871.337425         11771.65590                
Si              61                                                      
     7.725545668        -1.266327913        0.3506798778                
    -2.370609897        0.6596626286         2.112745796                
     7295.483218        -7877.466494         8287.454205                
Si              62                                                      
    -2.487324347        -8.879655266         6.372881471                
    -2.035975654        0.1252471953        -1.104322411                
     5899.245429        -2906.508784        -1006.296463                
Si              63                                                      
    -2.378746769        -1.267070966         6.504080599                
     1.810259720       -0.9845341012       -0.7333518730                
     816.0293385        -1456.778172         1844.839280                
Si              64                                                      
     7.716738545        -8.916685776        0.2468013580                
    0.4291353242        -1.015646104         2.237512506                
    -4686.672791         7463.547399         5419.497695                
Si              65                                                      
     1.524500110        0.6166513025         4.292767984                
     1.227481826         1.143920924         3.533907957                
    -11974.86654         2118.548604         4419.934768                
Si              66                                                      
    -8.731762102         9.421280028         2.553214783                
     1.277654556       -0.8064802616        0.5671833666E-01            
     4000.321949        -1365.611435         2229.482433                
Si              67                                                      
    -8.675136607        0.4726077404         2.598724617                
    -1.650774388       -0.2019674018         1.744025899                
     7822.305325         2618.948294        -9094.011108                
Si              68                                                      
     1.365866863         9.393347161         4.131042917                
    -1.104180696        -1.932328822       -0.5050109754                
     6725.602639         10022.70284        -5201.055728                
Si              69                                                      
     3.801990320         1.209575167         2.254759294                
    -5.274600498         4.709102764       -0.4501557077                
    -6391.002250         6527.060860         3912.323354                
Si              70                                                      
    -6.436146931         8.786318769         4.504623732                
   -0.7056798997        0.7211708956         3.610498520                
     1492.380182        -3846.477209         13537.78392                
Si              71                                                      
    -6.352621473         1.064594805         4.602783706                
    -1.807373505        0.7641802689       -0.2455327788                
     9874.559284         9638.804341         4483.039397                
Si              72                                                      
     3.715185779         8.895090140         2.143725685                
     1.235976292         1.814016375        -2.034656648                
     1339.545682         7555.281705        -6393.158153                
Si              73                                                      
     8.661526804        -3.556914973         2.305028444                
    -1.333505176       -0.9735566169         2.243794827                
    -1600.435220         413.1308796        -5802.049483                
Si              74                                                      
    -1.557972651        -6.669551730         4.398167698                
    0.1733021283         1.030469829       -0.6395086924                
     7.418357674         9661.492065         14001.31535                
Si              75                                                      
    -1.446648767        -3.532536183         4.543122363                
   -0.1193158126         3.830758859         2.699625279                
    -8433.826747         5324.679775         7825.478031                
Si              76                                                      
     8.691330281        -6.701042892         2.240933001                
    0.9554851091       -0.6556757269         2.755505298                
     2582.488170        -293.4298148        -3458.816137                
Si              77                                                      
     6.259923551        -2.593613573         4.133783371                
    0.6991403290       -0.1263476735        -2.276107765                
    -69.30430398        -13425.23917        -13787.46764                
Si              78                                                      
    -3.932930193        -7.613280289         2.606042112                
   -0.2985387428        -1.828196692       -0.4610542382                
    -8105.608917        -410.4099041         7018.392328                
Si              79                                                      
    -3.775350998        -2.604116538         2.648068968                
   -0.7647779510        -1.094157239         1.080175574                
    -6719.665543         5146.167692         11094.45486                
Si              80                                                      
     6.281996922        -7.530393505         4.038937483                
    0.8619025295E-01    0.5267208821        -2.537662502                
     1830.240936         1083.861208         1198.276780                
Si              81                                                      
     4.491365037         3.547094213        0.3500165486                
    -3.896532325        -1.516050980        0.3347660824                
    -18172.33807         1643.438067         6311.984141                
Si              82                                                      
    -5.716497476         6.471584274         6.495944983                
    0.8812956785         2.194891633        -4.990450366                
     9771.744232         3410.999781        -9492.409303                
Si              83                                                      
    -5.663654074         3.370176387         6.585388647                
     1.114980426         4.142687575        -2.631598828                
     4877.964728         9745.369360        -9455.663616                
Si              84                                                      
     4.559332759         6.611666181        0.1687761564                
     3.640191769       -0.1930463791         3.888715068                
    -1036.180941         847.1059354         13085.10971                
Si              85                                                      
     7.637551380         3.448424287        0.3702299987                
    -1.389976126         1.825084864        0.1175163162                
     13535.83232         233.5706635         3106.890107                
Si              86                                                      
    -2.513200575         6.557944552         6.521930061                
     1.191183416        0.4004218458         2.204560751                
    -4109.431715        -10012.62138         7425.805282                
Si              87                                                      
    -2.496108565         3.451004008         6.577937762                
    0.1738378624        -2.154655953        -3.741198330                
    -1475.642846        -8436.065303         1597.684606                
Si              88                                                      
     7.713452046         6.558738415        0.1672622218                
    -1.377833845       -0.4124739737        -1.828662336                
     15800.94235         4098.418995        -1196.691495                
Si              89                                                      
     1.519108592        -2.553165075         4.231366716                
    0.3544709200E-01   -0.4527791139        -2.778205019                
    -8786.226465        -3312.599601         39.50875692                
Si              90                                                      
    -8.628155555        -7.602439961         2.535905594                
   -0.3593893721        -1.686048471        0.8352739715                
     4538.962648         17041.80388        -4631.371647                
Si              91                                                      
    -8.677213156        -2.678088760         2.617799459                
    -3.106016149         1.998941824       -0.5825946325                
    -405.8105027        -8917.148931         9371.201227                
Si              92                                                      
     1.402770537        -7.620067063         4.033786215                
     1.763551606        -3.624301913        0.4337653339                
     7624.997775         14290.44390         6557.909076                
Si              93                                                      
     3.783441578        -3.480764181         2.288311971                
   -0.6471363178        -1.685393091        -1.623078899                
     5406.554981        -9198.030043        -781.9563913                
Si              94                                                      
    -6.335414530        -6.662568775         4.465938174                
     1.125893783         3.834021780         4.368293024                
    -4199.836496        -1817.524468        -1693.924904                
Si              95                                                      
    -6.254684904        -3.546441023         4.428305117                
     2.616772108        -1.110877426        -1.415931618                
     6562.318961        -2062.107729         13218.40275                
Si              96                                                      
     3.793289931        -6.638475674         2.216506264                
    -1.148253369        -2.646331373         1.017818512                
     12498.45550         14611.59624         10347.23919                
O               97                                                      
     2.713331505        -1.135018184        -3.427302698                
    -1.033240874         1.873475203       -0.2244986603                
     13049.69076         2953.379240         8954.814688                
O               98                                                      
    -7.449398892        -9.147184161        -3.402027735                
    0.5833312894         2.652297463        -7.594964019                
    -8472.860660         9622.018340         11462.38632                
O               99                                                      
    -7.437593487        -1.165333793        -3.351809070                
    0.1706468515       -0.3995672612         1.580742277                
     2568.917613         4536.326983        -2327.114065                
O              100                                                      
     2.700485401        -9.061541984        -3.571723331                
     1.950857865        -1.200649949         4.444458344                
     10316.14821        -1922.186549         8824.467524                
O              101                                                      
     4.162544438        -1.119207761        -1.170452077                
    -3.304114333        0.8312968452         1.821399334                
     2314.750106         3473.741126        -5126.780615                
O              102                                                      
    -6.038183890        -9.183460875        -5.665602210                
    -3.417753326        -2.731616327        0.8278378093                
     225.9362357        -1325.741763         10980.00192                
O              103                                                      
    -5.966481623        -1.097828369        -5.582615187                
   -0.5264074787        -5.917771043       -0.6858681833                
    -4053.626715        -625.9584788         4830.202800                
O              104                                                      
     4.039164124        -9.020314006        -1.275670972                
     6.726048932         4.441652088       -0.8769432831                
     7315.513348        -6695.408536        -8879.122921                
O              105                                                      
     4.144051678         1.166189465        -6.370830444                
     2.812075685        0.6469002704E-01     1.184059348                
    -270.2921488         2724.875678        -3371.035001                
O              106                                                      
    -6.079737087         8.838867199       -0.3934077875                
    -1.448503583       -0.1724279141         4.166466826                
    -802.6666777        -240.5271221        -619.7125606                
O              107                                                      
    -5.977226202         1.211294395       -0.2975321590                
    -2.416802984         2.994542551         1.115473488                
    -6849.336240        -4446.132723        -2915.030154                
O              108                                                      
     4.092991570         8.880601438        -6.481227211                
    -1.036405312         1.324547803        0.5840654928                
     12839.83919        -1208.477513        -288.4099826                
O              109                                                      
     8.230196791        -1.172132238        -1.133448181                
    -3.997755559        -2.503870899        -2.568769604                
     1817.963371         3564.190755        -2986.339081                
O              110                                                      
    -1.966080436        -9.064292250        -5.726772909                
     1.061586170         1.688394523        -1.241497741                
    -1384.393268        -1874.511773         2256.946267                
O              111                                                      
    -1.872977676        -1.089616968        -5.584564617                
     5.763594546        0.8257892174        0.2478285676                
     841.0258904        -88.42823917        -4730.091826                
O              112                                                      
     8.242568411        -9.047516624        -1.232902902                
    -1.539161193        -1.443844520         4.256925151                
    -3559.711980        -3016.806931        -135.1187712                
O              113                                                      
     7.784986903        -1.063895459        -3.691579176                
    0.8707517676        -1.492230523        0.7790546699                
     613.0783537        -3688.255854        -5648.522071                
O              114                                                      
    -2.333294390        -9.094937732        -3.095342758                
     2.798612689       -0.9975168631         2.045604914                
    -7585.081347         5066.189645        -3066.567070                
O              115                                                      
    -2.351853806        -1.081174472        -3.009367336                
   -0.3034719151        -2.659059187        -2.079789674                
     3421.164201        -1477.848275        -4202.089023                
O              116                                                      
     7.799319218        -9.073405131        -3.780001390                
     2.395847940        0.9053921030         2.309530872                
    -4553.899082         4178.835339        -4667.108955                
O              117                                                      
     5.272589805        -1.074853014        -3.565298891                
    -1.767447243         3.927548720        0.3913209455                
     2130.893439        -258.0003210        -322.3598798                
O              118                                                      
    -4.871709351        -9.163975304        -3.299762482                
    -4.554274964        -4.121130205         2.326778540                
     1686.827944         943.6754811         2220.269174                
O              119                                                      
    -4.883953049        -1.096687079        -3.197834855                
    -2.549394425        -2.225774587        0.7587212568                
     311.0610586         6099.546417         1448.275353                
O              120                                                      
     5.281222180        -9.000568962        -3.633977077                
   -0.6913619083E-01     1.026434748       -0.3455210815                
    -4064.587470        -5454.356341         4340.336394                
O              121                                                      
     2.659216052         3.063983677        -3.317294397                
    -1.036248845         2.283817295         1.457167420                
     8820.187677        -2960.097430         3496.221006                
O              122                                                      
    -7.497705381         6.921070023        -3.359121220                
    -2.501030763        -1.851409469        0.3601532894                
    -6117.454545        -8465.519836         869.7760930                
O              123                                                      
    -7.497117196         3.055441810        -3.293242578                
     7.179570365        -4.073828433        0.2976251298                
    -2628.164580        -7677.830651        -1603.617702                
O              124                                                      
     2.754464519         6.985805859        -3.503798481                
   -0.3428107321        -1.806142805        -1.894701762                
    -9723.512761        -1262.665067        -6596.077481                
O              125                                                      
     4.079419010         3.094879189        -1.111592253                
    0.1500107562        0.6485098574         1.576965708                
     3013.672538        -5107.265259         4666.201190                
O              126                                                      
    -6.148738593         6.978634333        -5.662640436                
     3.798861473       -0.2306193124         1.070920721                
    -3162.966690        -6213.475030         410.6628519                
O              127                                                      
    -6.109931530         2.989345080        -5.561271039                
    -3.684669592        -2.280292567        -1.924389591                
    -3489.681232        -5777.457011         13472.74510                
O              128                                                      
     4.173462329         6.949864100        -1.294416718                
    -1.229462396         3.519790229        -1.000161681                
    -1082.170949         11101.54844        -15250.84406                
O              129                                                      
     4.154431046        -3.388015676        -6.475768943                
    -4.124684038       -0.6827758307         1.164079004                
     8603.795894        -5233.903883         3976.490243                
O              130                                                      
    -6.021666657        -6.734340692       -0.4561428886                
    -3.099660677         1.017746360        -1.966813301                
     11589.28926        -3795.285709         3314.420423                
O              131                                                      
    -5.983710488        -3.447726714       -0.2949079944                
   -0.9413905236         4.045215048        0.2311016392E-02            
    -9285.068774         5275.415536         4287.804007                
O              132                                                      
     4.165810248        -6.776055536        -6.623442688                
     1.987280352       -0.9822459129       -0.1138493632                
    -4822.628771         2915.667524        -843.2784808                
O              133                                                      
     8.166323000         2.939507303        -1.039808275                
   -0.8214407639        -1.118479001       -0.8586007388                
    -4251.030076         968.8921150         1445.792590                
O              134                                                      
    -1.959158647         7.010367773        -5.652115121                
     2.424052779       -0.9993477264         4.007564833                
     43.86920656         5055.083490         4637.194098                
O              135                                                      
    -1.921462670         2.941960452        -5.599179120                
   -0.3283806462         1.226727924       -0.8440834661                
     295.3897736         3894.342071        -7469.468385                
O              136                                                      
     8.266074419         7.060186582        -1.227665905                
    -1.234445258        0.5407469290        -1.147329896                
    -5075.975088        -4392.516440        -5033.828083                
O              137                                                      
     7.709886571         2.999614565        -3.545783575                
    -4.041427659       -0.6586117641         1.259022140                
     8713.250911        -739.0013176         3370.097081                
O              138                                                      
    -2.350674707         7.002704248        -3.150445986                
   -0.4166023461       -0.8112501971         1.508789242                
    -5287.084158        -1930.470267         2095.654376                
O              139                                                      
    -2.421271730         3.039509497        -3.151339956                
    0.7302448702        -3.017805733        -2.451036633                
     2249.662315        -2844.599534         4643.104787                
O              140                                                      
     7.816510690         6.978560017        -3.764204910                
    -1.075078880       -0.6580847055        0.6934815615                
    -1897.058910         793.5625651        -1312.089481                
O              141                                                      
     5.227293281         3.121565729        -3.402278751                
     1.607709408        0.7806653522       -0.1574274612                
    -7955.176663        -2111.393735        -3374.632421                
O              142                                                      
    -4.901616975         6.848957783        -3.383404922                
    0.8369022637        0.3935911930         1.553890814                
    -6731.862102         2605.722058         309.6677091                
O              143                                                      
    -4.948986253         3.067273785        -3.226882023                
   -0.4364208243         4.096885339        -2.806333029                
    -2081.461069        -6633.576307        -139.8054920                
O              144                                                      
     5.297411499         6.915229145        -3.650918130                
    -3.442317015       -0.6750156216        -1.197643911                
    -1373.747127         977.3534721         4937.477453                
O              145                                                      
     4.041849646        0.9542642129        -2.598798425                
   -0.2608516494E-01     1.823028530        0.7598330040                
    -3009.026978        -2037.871928        -1618.771202                
O              146                                                      
    -6.169863546         8.961811375        -4.076511036                
   -0.1815279952        0.8183159485        -2.995175209                
     95.72268228         4461.553077        -1946.891691                
O              147                                                      
    -6.176745766        0.9390857996        -4.063144870                
   -0.8348907402        0.9653332586        -1.373717437                
    -1280.779334        -781.4878385         3412.312337                
O              148                                                      
     4.114290777         9.058151133        -2.795647515                
    0.4695186669        -2.977515456        -3.156280774                
    -2223.338252         8553.510884         2312.080774                
O              149                                                      
     8.761815326        0.8854460357        -2.504159799                
    -4.240163058        -1.131279546        0.2633046231E-01            
     3663.570923         6367.132377        -2456.765666                
O              150                                                      
    -1.362494842         9.118200095        -4.203990474                
   -0.7553178513E-03     1.319522028         2.516969416                
     79.17396458        -7805.106156        -5127.046532                
O              151                                                      
    -1.327723218        0.9075165952        -4.104148568                
     1.133601971        -1.097154519        -2.556220284                
    -1634.548565         7043.313215        -1186.761884                
O              152                                                      
     8.805782634         9.092394776        -2.675825626                
   -0.6322543895         1.184281348        0.2159397844                
    -2226.354123         3009.156826        -4733.809572                
O              153                                                      
     1.958961253        -2.640743649        -5.404462414                
    0.4283960251         1.690792097        -2.432297951                
    -1697.864168         3252.630897         6226.219617                
O              154                                                      
    -8.208835056        -7.585310002        -1.420502400                
    -1.778474695        0.7824276615        -2.745908162                
    -1869.419343        -10591.41417        -4576.108100                
O              155                                                      
    -8.185606462        -2.574938705        -1.301445298                
   -0.7781211684        -4.319780908        0.6840567855                
     677.0455134        -2239.904346         1957.907925                
O              156                                                      
     1.999266411        -7.603564316        -5.580471168                
   -0.3364126969        0.6688249313        -1.209333864                
    -1924.134551         2950.918116        -980.7479633                
O              157                                                      
     2.056363768       -0.1257288618        -5.560633666                
   -0.4872231161        0.1843683120       -0.5702296947                
    -2014.844353        -579.6969616         1735.032420                
O              158                                                      
    -8.242752934         10.03557598        -1.254713578                
    0.2584529475         1.626684682        -1.338212887                
     4851.754694         3010.740523         1320.321776                
O              159                                                      
    -8.088969867       -0.9108632873E-01    -1.217101568                
    -1.956246204        -3.170618175         3.178085123                
     5224.861366         1469.263603        -4779.902593                
O              160                                                      
     1.941108160         10.08136080        -5.660449800                
    0.2873515516        -1.434098609         1.518926035                
     6859.552044        -4596.217086        -3062.733003                
O              161                                                      
     2.037351231         2.392493656        -5.563390106                
     2.082057481         2.740851693       -0.8931939623                
    -195.6625704         9136.393766         1349.873159                
O              162                                                      
    -8.159621611         7.494992321        -1.108759262                
    -5.413751252         2.306288647        -2.869019673                
    -2752.990053         5387.232015         5336.041155                
O              163                                                      
    -8.103793096         2.433554721        -1.041221704                
    -3.838422149        -1.140235485        -1.218418706                
    -3196.412268        -1733.441003        -1242.111315                
O              164                                                      
     2.013493225         7.541380845        -5.751837881                
    -2.575752420        -2.068174665         2.261219298                
     6285.094578         5089.898261        -6999.668265                
O              165                                                      
     6.351321049        -2.557449386        -5.406926979                
    -1.473052454        -1.421815631        -1.598157437                
    -51.37059493        -576.2620692        -4007.922375                
O              166                                                      
    -3.865160517        -7.659676027        -1.403341607                
     4.116872248         2.018874924       -0.5010238920                
     4682.823762        -411.7635957         1112.522128                
O              167                                                      
    -3.850425860        -2.479543041        -1.297808623                
     3.136632623        -4.500015272         1.259584486                
     3399.643167        -871.9771601         2953.143499                
O              168                                                      
     6.320359373        -7.620388395        -5.548624196                
    -2.060864923       -0.6195173705        -4.277480142                
     2046.783554         3561.369698         5522.307474                
O              169                                                      
     6.213219903       -0.7637715891E-01    -5.670267300                
   -0.8536564290         3.617712461         2.193404735                
     10620.70751        -9686.452106         11569.71414                
O              170                                                      
    -3.935473812         10.04648514        -1.191936086                
     2.914598299        -1.691928236         1.744858647                
    -130.0392324        -5381.495039         445.3465936                
O              171                                                      
    -3.904510317        0.5838779893E-01    -1.197222888                
    0.3293473562        -1.216499089         1.125906070                
     1226.380665        -4627.654537         2288.895320                
O              172                                                      
     6.280335793         10.08334876        -5.656665492                
     2.171521057         2.142724141         4.095468362                
    -7460.737556        -18958.61272        -7301.812286                
O              173                                                      
     6.207175862         2.429711670        -5.585392150                
    0.5417984033         2.119450381         1.313448544                
     262.4400449         2149.024012        -4721.157323                
O              174                                                      
    -3.967805553         7.559071528        -1.206330946                
     3.229710486         1.222437737         2.868521553                
    -1304.973556        -1845.456940         5458.784551                
O              175                                                      
    -3.899705355         2.559865777        -1.042707152                
     1.140847044        0.8522114452        -1.977766635                
     66.05185071        -3515.316980        -1209.652206                
O              176                                                      
     6.222376791         7.496681774        -5.782312572                
     3.654001891       -0.5984744949E-01     2.964458337                
     379.2327700         8686.669221        -4432.865868                
O              177                                                      
    -9.981433870        -1.146277552        -2.541119513                
    -1.728560131        -3.822899631        0.8094920334                
    -21109.24381         3551.259085        -9194.253683                
O              178                                                      
    0.1299223383        -8.953687802        -4.296072400                
   -0.8981226939        -1.546426050        0.1498752884                
    -10939.54544        -2210.781655         1509.732253                
O              179                                                      
    0.1589454464        -1.116277757        -4.108281855                
     2.168819560        -1.908867328        -6.164630131                
     9438.637795        -6873.830352        -4770.755810                
O              180                                                      
    -10.02967717        -9.025118767        -2.686315031                
    -1.041757793       -0.4531809509E-01    0.9615270880                
     1068.088980         438.8320434        -687.4663341                
O              181                                                      
    -10.09842426         3.017671689        -2.491573681                
   -0.2537439982         4.139537912         3.710343272                
     1056.285105        -1353.336102        -2431.950320                
O              182                                                      
    0.1198560090         7.007879815        -4.250872169                
    -2.719606315         2.982983811        0.3193010230                
     1170.552822        -599.8178097         6211.534779                
O              183                                                      
    0.1133869616         3.042527614        -4.071374589                
     1.677408776        -2.551568096         1.127384265                
    -5591.978743        -1261.460230        -2024.800367                
O              184                                                      
    -10.07304760         6.940867587        -2.658650034                
    0.4201369962        0.4922120417         1.891291121                
     4368.832120        -270.1735451        -4498.086817                
O              185                                                      
     1.642474967         4.981370161        -4.669073573                
     1.060806061         1.643697745         1.476904241                
     2593.017615         17455.09611        -2437.294074                
O              186                                                      
    -8.527565663         4.967718406        -2.039529038                
    -3.899826825        0.7389093670         3.617166981                
    -5832.004165         6503.299673         954.5207208                
O              187                                                      
     6.562927742         4.972759453        -4.734862978                
   -0.8222879437        0.2712648943        -5.852071306                
    -4516.998682        -10059.09547         174.2889566                
O              188                                                      
    -3.662062405         5.014901030        -2.132430764                
     2.558237286        -2.660506551         5.668568936                
     465.6403111         5649.778826         1821.472573                
O              189                                                      
     6.034133304        -5.075393174        -6.317205581                
     2.186542188        -5.666257591         1.154422744                
    -6760.762855         3942.050537        -1051.634273                
O              190                                                      
    -4.128718789        -5.088752873       -0.5291397532                
     5.293421236       -0.5016707527        -2.635783011                
     2690.080921         10583.30098         2441.079168                
O              191                                                      
     2.351510285        -5.130375733        -6.528132888                
     2.437280244       -0.9804366406       -0.3929243095                
    -44.29076573        -1262.110815         5177.099723                
O              192                                                      
    -7.846204910        -5.078189050       -0.4230929286                
    -1.700400695        0.7417554186         2.618774216                
    -3993.517046        -11835.11361        -198.4439209                
O              193                                                      
     7.605359891         1.020737305         3.340626279                
    0.5143408810        0.5725401388        -2.185939945                
    -8993.820937        -5044.839985         13696.03173                
O              194                                                      
    -2.752006439         8.850359530         3.465493468                
     1.000867780         2.923632501        -4.185027748                
     5503.133116         5686.697145        -5839.493845                
O              195                                                      
    -2.548108241         1.035140236         3.442053382                
     3.027758308       -0.2486605674        -2.076347247                
     6537.718672         1515.345481         2909.937274                
O              196                                                      
     7.423704545         8.945553751         3.261500019                
    0.9942245825         2.526989116       -0.3851756710                
     16506.65726        -1288.282931        -9734.985025                
O              197                                                      
     6.118630990         1.081539752         5.615157978                
     2.013958885        0.1779001220E-01   -0.4925283285                
     5491.741146        -3148.572210        -5879.476914                
O              198                                                      
    -4.082294510         8.899140536         1.146217853                
    -2.774770248        -3.435875550        -2.289245969                
     1245.942428         1535.494058         79.99426101                
O              199                                                      
    -3.996294797         1.106481695         1.211846500                
    0.9248707808         2.962943610        0.9763453301                
     1848.735069        -6239.614728         3674.913191                
O              200                                                      
     6.072502334         8.985639894         5.551177168                
    -1.188541120         2.830692547         1.996828536                
    -259.1002336        -359.5775540         6692.911512                
O              201                                                      
     6.165331185        -1.161394953        0.3842176411                
     1.734017437         2.757523404        -4.012404509                
    -17013.44767        -1609.073498        -2704.952208                
O              202                                                      
    -4.069815012        -8.909996651         6.363173445                
    0.4908439778        -2.136935134         3.346608967                
    -125.3067829        -1757.724145         602.1907416                
O              203                                                      
    -3.961057876        -1.286146289         6.518799339                
     4.042617244         1.880080452        0.8860540506E-01            
    -5839.846995         685.4126674        -1972.404933                
O              204                                                      
     6.111641223        -8.890830808        0.2428822694                
     1.502950221       -0.8665310461         2.362332804                
    -973.9467364        -4267.425308        -7011.670772                
O              205                                                      
     2.061963301         1.018887159         5.723134148                
    -1.345873915        -1.311170508        -1.450614147                
     1997.569397         1032.991386        -2006.338134                
O              206                                                      
    -8.136854032         8.999525482         1.142844047                
   -0.3528201269        0.3799532980        -2.103748203                
    -3862.873312        -1432.093775        -5994.911160                
O              207                                                      
    -8.114499087        0.8617271720         1.148845191                
     4.006844417        -1.994381207         1.663828472                
     4332.287572         2703.057258        -75.29777338                
O              208                                                      
     1.964331295         9.048772673         5.563265651                
     1.656703773        -4.645399293       -0.7199541031E-01            
     5283.208000        -3088.731912         5953.864897                
O              209                                                      
     2.518528151         1.041071629         3.163806934                
    0.3691291573        -4.417574682         2.680288341                
     1893.082754         2843.066291        -4709.424694                
O              210                                                      
    -7.790876958         8.906223621         3.721594442                
    0.5232639441         7.486131714        -1.811556031                
    -1665.584952         2371.740833        -5329.015167                
O              211                                                      
    -7.655458615        0.9051661051         3.732449114                
     2.317978425       -0.8639496507       -0.2786023562                
    -3343.161674         164.8382995        -2367.162568                
O              212                                                      
     2.376606035         8.973890630         2.984118723                
    -3.515995757         2.198221053        0.4252359787                
     830.6180200        -3382.984047         768.1172925                
O              213                                                      
     5.024351273         1.064424440         3.269309059                
    0.5716134910         1.659665871         1.447018558                
     3401.146428        -4537.690810        -4702.489073                
O              214                                                      
    -5.274904313         8.989098960         3.461206340                
    -2.241167525       -0.7467246448E-01    -1.916157692                
    -1418.230146        -4920.817703        -2170.091851                
O              215                                                      
    -5.121418441         1.028021631         3.594870203                
    0.7968043701        -1.412040209         1.467029735                
     3461.872354        -8252.192686        -7755.143677                
O              216                                                      
     4.871037136         9.064605003         3.203205663                
    0.4212824154        -1.422763410         1.166045346                
     10434.04931        -1705.156610         8596.567456                
O              217                                                      
     7.575898940        -3.117071071         3.367354008                
   -0.7155307543E-01    -1.295343103        0.1384186821                
    -9109.826529         287.8350266         6255.179482                
O              218                                                      
    -2.642879990        -7.099225226         3.342152838                
    0.2571610711         7.351830818        -1.492072982                
     5705.870885         542.3362329        -322.7917535                
O              219                                                      
    -2.523710973        -3.086171190         3.449605294                
     4.763538665       -0.8170547077        -2.670101335                
     10284.61387        -1504.884434         132.7362939                
O              220                                                      
     7.608457041        -7.102465815         3.301848054                
   -0.9006639868        -2.968590316        -1.214390541                
    -2462.438863         2759.657662         4430.508683                
O              221                                                      
     6.161066398        -3.123766492         5.612248745                
     1.809223147        -3.622758897         2.132399496                
     147.8399358         4170.955553         4889.665585                
O              222                                                      
    -4.068273250        -7.016007810         1.168550934                
    0.9687631313        -4.753559699        -1.335599487                
     36.86389570        -5507.761291        -18765.66014                
O              223                                                      
    -3.945465340        -3.118244416         1.167771338                
    -6.762984568         1.173584999        0.3995882166                
     3417.536026         4794.721880         3798.309664                
O              224                                                      
     6.210796709        -7.021425031         5.543995101                
     1.433351267       -0.9104538134        -2.397407027                
    -6500.776015         1545.011067        -2622.968311                
O              225                                                      
     6.056362248         3.402788888        0.4750234176                
    -1.136035977         5.582569049         2.906436672                
     5832.272082        -2375.898959        -3214.286806                
O              226                                                      
    -4.106844345         6.572765658         6.483731475                
    -3.771335264        -1.741036715         4.390492326                
    -2953.157466         5890.764755        -1643.923686                
O              227                                                      
    -4.077891371         3.279851229         6.568181423                
    0.7680950195        0.8294630734       -0.9457731079                
     2834.293312         2820.800905         1918.274956                
O              228                                                      
     6.163629104         6.719480600        0.1941255773                
    -2.572859125        0.4822890482E-01     2.522256919                
    -16946.61457        -2651.963941         712.6606816                
O              229                                                      
     2.001425005        -3.053056437         5.653568189                
    0.6497415905        -2.074204145       -0.9167280292E-01            
     9717.186518        -1652.652311         5844.844196                
O              230                                                      
    -8.043316229        -7.128528875         1.105092895                
    0.1644471314       -0.1611147898         4.172269290                
    -8781.598908        -5754.576225         5314.293478                
O              231                                                      
    -8.125647455        -3.156536853         1.235230083                
     1.611047824        0.4463713190E-01    -2.643094270                
     7463.720104         573.7009682        -15709.54891                
O              232                                                      
     2.003728770        -7.165273934         5.448847721                
    -3.522011351       -0.1133506358        0.7988356568                
     2901.369624        -258.5091175         10907.05535                
O              233                                                      
     2.492057834        -3.085724063         3.091111092                
    0.7847841072         2.635321133        -2.039647545                
    -5016.326689         3489.610217         7443.143809                
O              234                                                      
    -7.633298525        -6.994926073         3.611446012                
     3.164178412         3.230963905        -2.018583010                
    -4369.594608        -4464.775701         1942.331190                
O              235                                                      
    -7.617166602        -3.191840233         3.693389475                
    0.5778887154        0.5751962952        -1.569258028                
     2817.954379         6063.183388        -2644.084458                
O              236                                                      
     2.498131964        -7.056294673         3.024493714                
    0.4470312289        -4.328730887         1.100317302                
    -4796.821805        -3977.497500        -5280.476254                
O              237                                                      
     4.984606034        -3.106493311         3.277467536                
    -1.973402245        -4.358515905       -0.4531605632                
     9121.453207         1657.846202         4197.930631                
O              238                                                      
    -5.153518803        -7.143255651         3.506029665                
    -1.468707711        -4.181725461         1.881909770                
     1041.651961         2552.079772         3636.487996                
O              239                                                      
    -5.004726640        -3.138526257         3.518264695                
     5.103416568        0.2467774799         3.216205958                
    -8974.958947         2486.054333        -5393.382771                
O              240                                                      
     5.079600149        -6.971085723         3.157379327                
    -3.492808856        -1.335576582        -3.665188361                
    -9415.450975        -1043.680831         359.1560667                
O              241                                                      
     6.256250789        -1.020696141         4.117799060                
     1.672647819       -0.1730856217E-01     2.631993390                
     2084.344955         12306.27863         2844.466049                
O              242                                                      
    -3.945686565        -9.209901231         2.631276450                
    0.5955252622        -2.736291556         2.577656680                
     5451.538578         4711.991473        -7237.146672                
O              243                                                      
    -3.832825469       -0.9963135287         2.678606642                
    -2.707165575        0.2079014333        -1.322776623                
    -829.0923849        -4518.226799        -7631.345625                
O              244                                                      
     6.221186148        -9.118619553         4.039311171                
    -3.562715926         4.390415862        0.1322361563                
    -15.88345678        -4354.462902         5142.126375                
O              245                                                      
     1.507262431       -0.9610623278         4.222939929                
    -1.843056775        0.5588804230        -3.783538092                
     542.5032569        -7420.345887        -2869.660611                
O              246                                                      
    -8.630558884        -9.164894378         2.595542837                
     2.361984842       -0.4063874336        -1.285835834                
    -2007.930471        -6049.874654         2634.263482                
O              247                                                      
    -8.719171719        -1.111226172         2.645779163                
   -0.1658789705       -0.5991632918        0.4463030997                
     2166.887068         7094.819173         4549.379954                
O              248                                                      
     1.312760380        -9.171573583         3.957526620                
    0.8467054284        -1.844790894         1.207904067                
     3449.758142        -15450.61661         3385.842070                
O              249                                                      
     8.313224773         2.461411173         1.416389431                
   -0.3169713348         2.650588511        0.9194220527                
    -4984.014238         6185.146611        -4773.368632                
O              250                                                      
    -1.915621092         7.561045850         5.483625028                
    0.3657585468         2.313203563         3.171308932                
    -154.6542128        -426.2291872        -5167.137752                
O              251                                                      
    -1.922705981         2.500152725         5.452568135                
     5.575650371        0.9574950296         1.075500124                
     5069.888791         313.7206437         2412.169932                
O              252                                                      
     8.315017040         7.535630116         1.242130408                
    -5.159629049        -1.089569267         1.855115318                
    -571.3968744        -183.0544804         8085.364212                
O              253                                                      
     8.257780098       -0.4443485563E-01     1.234089088                
   -0.3428148125         3.014522705       -0.2851566294                
     3168.245757        -7334.353346        -6030.039691                
O              254                                                      
    -1.913609399        -10.09094254         5.456427226                
    -2.038744321        -2.510067455       -0.8953576061                
    -8465.855290         9128.186314         7714.760800                
O              255                                                      
    -1.875952743       -0.3150041703E-01     5.614214108                
    -2.596073649        -3.542063376         1.720931260                
     350.2922397        -742.3208969        -1790.478760                
O              256                                                      
     8.239348216         10.02456140         1.110274217                
     1.699418629        -2.785101846         2.251691887                
    -5274.961504         3.583999013         2057.608816                
O              257                                                      
     8.215866686        -2.584409511         1.110587857                
     4.138986977        0.8189739346         2.479011773                
     1333.795229         1605.405274         194.2869195                
O              258                                                      
    -1.983992787        -7.576414401         5.642395486                
    -2.782188946        0.5250328068        -2.316022459                
     1709.224384        -1322.376838        -5806.742227                
O              259                                                      
    -1.858342015        -2.591373543         5.792850987                
    0.6374777558         1.308748980         2.018864226                
     3866.535530        -117.7585013        -10335.12269                
O              260                                                      
     8.242252364        -7.650807502         1.047534867                
    -4.645464521       -0.6394265209         3.041579569                
     1343.303843         1283.579739        -4618.546758                
O              261                                                      
     3.887385569         2.555379971         1.435061307                
     2.480371829        -4.999826978       -0.1690482821E-01            
     5610.189413         75.19458253        -5515.893515                
O              262                                                      
    -6.234450796         7.460710557         5.364735679                
    -1.925227522        0.5425937690        0.9430675396                
    -1525.125028         1428.682356         2221.227241                
O              263                                                      
    -6.176898361         2.356044624         5.516211902                
    -1.112351521        0.1681687854         2.958056547                
    -10521.10659        -5719.279111        -5445.472501                
O              264                                                      
     3.976439732         7.631217877         1.224899316                
    0.6128648602         3.094303102       -0.3990751501                
    -1208.062104         2227.253031         48.72578226                
O              265                                                      
     4.003044128        0.5386311708E-01     1.182487814                
     3.967481461       -0.6357721284        -1.660408324                
     5969.648686        -1960.020421         730.8284632                
O              266                                                      
    -6.149976672         9.998993858         5.514372105                
    0.5937218186         1.994227840        0.6557102434                
    -3991.930917        -4313.706722        -1290.723524                
O              267                                                      
    -6.112241810       -0.1459335671         5.597523055                
     1.156949907         2.584053751        0.9003263884                
    -353.0642003        -5319.529688         718.7112522                
O              268                                                      
     3.972163479        -10.03384087         1.136548607                
    -4.400873854       -0.8888511153        -3.518840126                
    -4044.868079        -9840.067333         1316.745869                
O              269                                                      
     4.053233537        -2.467030576         1.111541996                
    -3.462678432        0.4359121222        -1.921011168                
     765.2417124        -1158.909770        -2463.572089                
O              270                                                      
    -6.219567228        -7.641321439         5.707423075                
     1.267766607         1.174854856         3.588956407                
     6123.550362        -1619.082631        -1904.419050                
O              271                                                      
    -6.007273479        -2.653402470         5.730779165                
    -1.815789744        -2.337196291       -0.7736312450                
    -4494.832655         5995.045445        -3996.642888                
O              272                                                      
     4.049446315        -7.558219867        0.9831514503                
    -2.519372722         2.970688561        -1.069201931                
    -4187.546673        -1530.229721        -4561.593921                
O              273                                                      
   -0.4093314346E-02     1.097406129         4.313417154                
     1.511589780        0.1882875368        -3.483693990                
     13832.62101        -2273.774540        -8405.263777                
O              274                                                      
     10.06899870         9.018759248         2.548837910                
    0.4541879331         3.219764318         1.034325625                
    -8434.685361        -3378.868286         1126.532656                
O              275                                                      
    -10.15491876        0.9926548183         2.601216714                
    -2.659883000         1.310430989         1.324919675                
     1039.733409        -2587.178830         4264.369906                
O              276                                                      
   -0.1181881421         8.912242882         4.129067077                
    -1.673015326        -2.771274659        -2.677897643                
    -2640.446119        -2979.028001        -3385.062297                
O              277                                                      
    0.2787048217E-01    -3.117193845         4.163119108                
   -0.2740010140         2.441798645        -3.028051335                
     1932.484321         2501.128439         164.7986372                
O              278                                                      
    -10.14213263        -7.106791308         2.576200716                
   -0.1775792341         1.871731971       -0.5436123822                
     8137.536396        -2406.117813        -983.5186701                
O              279                                                      
     10.15326065        -3.180875655         2.658769168                
    0.3589640415       -0.1063030421       -0.4205584280                
    -3238.583501         468.9343023         2939.053112                
O              280                                                      
   -0.6917619772E-01    -7.054605422         4.040501902                
    -2.074233433        -2.844991277        -1.246212829                
    -2463.888137         53.14718733        -5819.519799                
O              281                                                      
     8.659810813        -5.127550690         2.080369086                
     1.159600823       -0.5632640867        0.5693411178                
    -4865.000152         3251.293105         624.1770521                
O              282                                                      
    -1.585053143        -5.097163826         4.672904588                
   -0.3746490217        -1.240819417         1.897413481                
     4108.809129        -5020.225187        -6216.280320                
O              283                                                      
     3.776983939        -5.053399892         2.007386811                
     3.787206094        -1.874458784       -0.6797158695                
    -1448.178145         1748.152244         1537.804559                
O              284                                                      
    -6.240804335        -5.104280497         4.669750923                
     3.190081373         3.022155602        -3.280482475                
    -1696.226087        -2227.796297        -1323.445020                
O              285                                                      
     4.228940378         5.101335527        0.4417584690                
    -1.731686628       -0.1397834800         1.943858939                
     5597.636653        -4895.424990         1950.128451                
O              286                                                      
    -5.961149992         4.922600589         6.378585726                
    0.5161898583         5.842009787        0.4215696626                
    -3483.771197        -2812.794794        -1239.750746                
O              287                                                      
     7.939260342         5.012661980        0.3926374577                
     4.897436107         2.401915797        -1.121255630                
    -2638.629255        -5439.850243         625.8400682                
O              288                                                      
    -2.246250263         4.992392048         6.403321969                
    -1.840753277         1.408091716        -1.443823628                
     2722.380699         3890.445201        -942.9544319                
C              289                                                      
    -1.156450898         4.221468676       -0.1352571099                
     3.928464609        0.2485927572         2.101766323                
    -16.90178242        -4.694695082        -172.5084069                
C              290                                                      
    -1.683888116         5.514483292       -0.3607573997E-01            
     3.675353015        0.5976593021E-01     3.217453394                
     507.5364661         156.9271009         359.1921196                
C              291                                                      
   -0.9757673149         6.601604748       -0.5621288442                
     1.965113722        0.2585063580         1.326007403                
     300.4098913        -126.7447336         469.3949296                
C              292                                                      
    0.2597907038         6.395711590        -1.187363319                
    0.5079860213        0.6460736129        -1.681125660                
     92.83318972        -35.81307236         93.60194807                
C              293                                                      
    0.7872279210         5.102696972        -1.286544688                
    0.7610976172        0.8349004399        -2.796812731                
     38.95094764         57.24477237        -240.6176356                
C              294                                                      
    0.7910712031E-01     4.015575516       -0.7604915843                
     2.471336910        0.6361600121       -0.9053667405                
    -21.82390914        -2.444110731        -140.4359157                
H              295                                                      
    -1.702715517         3.382832123        0.2705552852                
     5.247792066        0.9527871275E-01     3.560881803                
    -72.56599325        -57.24601144         169.1276097                
H              296                                                      
    -2.637047415         5.673327521        0.4462539728                
     4.799432887       -0.2392192779         5.537275764                
    -98.35710885        -43.71308595         122.2342851                
H              297                                                      
    -1.382661996         7.599085531       -0.4856115264                
     1.769866137        0.1128351941         2.186714294                
     108.7197321         46.96023587         25.73232893                
H              298                                                      
    0.8060553218         7.234348142        -1.593175713                
   -0.8113414339        0.7993876572        -3.140241139                
     30.82453253        -38.62131399         148.1578905                
H              299                                                      
     1.740387220         4.943852744        -1.768874401                
   -0.3629822549         1.133885648        -5.116635101                
     257.8778579         153.3276613         429.7488866                
H              300                                                      
    0.4860018019         3.018094735       -0.8370089024                
     2.666584493        0.7818311761        -1.766073632                
     85.33479113         30.02943356        -157.0442702                
