Diffusion in Zeolites. ZSM5 (Silicate) Crystal Structure, Si(96)O(192) +
         2         2       300     10000   1.0000000E-03   1.0000000E+01
       20.3183600000        0.0000000000        0.0000000000            
        0.0000000000       20.1714600000        0.0000000000            
        0.0000000000        0.0000000000       13.5858629500            
Si               1                                                      
     1.656745922        -1.296140917        -4.532232536                
    -1.022084404         1.607937421        0.2743462339E-01            
     8028.057680         27.19577147         7244.282749                
Si               2                                                      
    -8.489422954        -8.906040094        -2.290111335                
    0.7123577102       -0.1303350390        -1.306582135                
    -10374.00963        -1417.148186        -1946.053355                
Si               3                                                      
    -8.493234660        -1.269028933        -2.242895770                
     1.252149316        0.5000284595         3.566160948                
     658.2384268        -6756.359407         8695.318063                
Si               4                                                      
     1.639479808        -8.886336673        -4.707178710                
    -2.072486485       -0.2773397745        0.2421887088                
    -5663.854289         8990.532095        -3907.736596                
Si               5                                                      
     4.003543257       -0.6354095195        -2.631677691                
    0.1087504379E-01    -4.217635036         3.147091203                
    -10464.13886        -605.2221447         7466.609774                
Si               6                                                      
    -6.210231032        -9.556170764        -4.226361011                
     3.068287127       -0.7146814440        -2.077081385                
    -174.9676411         3289.105056        -16847.67415                
Si               7                                                      
    -6.165524267       -0.6566923427        -4.195744018                
   -0.7813639732         1.268069970        0.5703041930                
    -1540.377925        -1889.388397        -10330.55967                
Si               8                                                      
     3.959021941        -9.507945647        -2.733975285                
     1.266614147        -1.414213550        -2.759518591                
    -4898.678660         4741.632575         8797.564098                
Si               9                                                      
     5.691464707         1.211472070        -6.342478290                
     2.780397685         2.832576964        -1.326253128                
     1641.348145         7147.718389         10316.58963                
Si              10                                                      
    -4.378819143         8.836831148       -0.4795580225                
    0.1478884715E-01    0.6552911483        -2.953750109                
    -5463.955482        -8041.470262        -120.3934380                
Si              11                                                      
    -4.462717322         1.201096950       -0.4279205565                
     1.317755789       -0.5540992270        -1.370002238                
    -2692.600620         8880.065019         5000.309643                
Si              12                                                      
     5.695319752         8.846444978        -6.499325128                
    -1.715109830         2.004079589         2.500222059                
     2005.384568        -11258.52813         5080.254227                
Si              13                                                      
     2.527461580         1.122103635        -6.412030982                
    0.4585268475        0.4389186241        -1.312618751                
    -4855.649313         3130.918156         10463.23828                
Si              14                                                      
    -7.553844490         8.838640548       -0.3952526047                
    0.6114289998       -0.3813700338E-01    -2.610843924                
    -2133.848467         5587.740803        -7536.797658                
Si              15                                                      
    -7.644843368         1.172817167       -0.3785086884                
    0.5628398710        -3.876779392         1.022588935                
    -2801.711037         1875.339853        -1094.258585                
Si              16                                                      
     2.512890141         8.809656303        -6.541853611                
     1.612332727        0.8752108365         1.822257826                
    -1773.314871         5413.606428        -1436.096775                
Si              17                                                      
     8.809688943       -0.6841362833        -2.504675472                
    0.7301501489       -0.3849229493         1.990930717                
    -10522.21496         895.8647969         4275.547220                
Si              18                                                      
    -1.379895325        -9.501850726        -4.335606934                
     1.133294461        -1.105101289         1.079906690                
     18466.26360         4903.446071        -6769.288453                
Si              19                                                      
    -1.334660251       -0.7330065097        -4.223924334                
    0.9178528236E-02     1.946251904       -0.4853719345                
    -13223.35922         4252.158113         7021.360929                
Si              20                                                      
     8.780920803        -9.492418283        -2.578404328                
     2.485561017       -0.9160293025        -2.452710146                
     7204.677861         1869.510464        -1572.089662                
Si              21                                                      
     6.443856199        -1.266959205        -4.481463750                
   -0.8369343608        -1.753447106         1.005298150                
     2628.141861        -2315.304101         1943.866470                
Si              22                                                      
    -3.728298581        -8.925867107        -2.400413073                
    0.7694386997        0.4606940784E-01    -2.536134962                
     1033.931548         5597.907919         5119.306788                
Si              23                                                      
    -3.738602598        -1.241754015        -2.281862544                
   -0.7828177248        -1.220033359       -0.3605838915                
    -5309.554820         5164.871045        -3968.221168                
Si              24                                                      
     6.463621415        -8.924131666        -4.593485451                
     2.620032836        -1.799732363        0.9234459014                
    -625.9944109         12977.32932         6197.567164                
Si              25                                                      
     1.618444867         3.405379842        -4.440915515                
    -2.050521156        -1.539819833         1.022872541                
    -7511.526710         4751.435574        -2043.544770                
Si              26                                                      
    -8.517264513         6.571547483        -2.328941160                
     2.212586959        -2.045048856        0.5538758232                
    -4419.725741         3977.647696         2673.762487                
Si              27                                                      
    -8.586745181         3.438772843        -2.310399025                
   -0.5670098449         3.308274026       -0.4403032655                
     14557.69564        -750.9214843        -6597.973372                
Si              28                                                      
     1.589924634         6.553463123        -4.594557825                
     1.559474085         1.101090249        -2.001162784                
     1449.099836        -11181.39621         163.7909087                
Si              29                                                      
     3.938666216         2.550509626        -2.520181895                
    -1.161614611         1.338925117       -0.8296072246                
    -173.3289781        -2068.836601        -6.279473399                
Si              30                                                      
    -6.263942822         7.476912422        -4.299976253                
    -2.861851140       -0.4000567509        0.9294522852                
    -3047.414752        -13608.42680        -2604.253331                
Si              31                                                      
    -6.216399598         2.519954392        -4.189268633                
    0.2903239223         1.606952864        -1.831196264                
    -6461.163518         13271.47623        -6706.795717                
Si              32                                                      
     3.931873477         7.449047029        -2.686442214                
    0.7360629942         1.370478961         2.188165370                
     2401.089842         862.5557899        -9099.638696                
Si              33                                                      
     5.742812529        -3.494757740        -6.474355497                
    0.2889234118        0.6308398166        -1.386018488                
    -18637.64084        -6012.700741        -2617.942949                
Si              34                                                      
    -4.427690568        -6.647006369       -0.4189770031                
    -3.457686713       -0.7857006015         2.295096976                
    -3512.881088         4179.081721        -4414.305362                
Si              35                                                      
    -4.379999373        -3.555953881       -0.3337137832                
   -0.3201349402        -3.253714881       -0.4187539792                
    -8735.567369        -4880.588486         1102.646601                
Si              36                                                      
     5.703766345        -6.596508737        -6.529249417                
    0.5909892668       -0.1021744641E-01    0.5114777833                
     569.9486525        -337.8855343         6350.052904                
Si              37                                                      
     2.534808702        -3.532138068        -6.501652107                
    -5.068580362        0.4317623976         1.798192193                
    -6030.412670        -3285.424112         3336.150040                
Si              38                                                      
    -7.616999741        -6.630482021       -0.3528540407                
     1.035608748       -0.1597658781        0.6767453582                
     3064.311576        -586.0422303         4870.373573                
Si              39                                                      
    -7.583486251        -3.523161881       -0.2707018921                
     2.352699661        -4.967893709         3.590897788                
     1013.503045        -8151.594797        -3604.108086                
Si              40                                                      
     2.537066103        -6.638169102        -6.656137088                
    0.9728677255         2.213631465        0.8365551969                
     4390.078457         5972.388805         2217.631755                
Si              41                                                      
     8.776332711         2.468780781        -2.489841577                
    0.9773480124E-02    0.2074162319       -0.1811863045E-01            
    -3512.352093         8183.218297        -3343.141675                
Si              42                                                      
    -1.401653651         7.479216941        -4.329571723                
    0.8064417358       -0.4186116954E-01    0.8238758540                
     2100.942017        -559.4190304         4348.510366                
Si              43                                                      
    -1.365422452         2.450774296        -4.256312175                
    -1.050858426        -1.718113610        -2.254025973                
    -1726.845359         2109.293168         1176.638984                
Si              44                                                      
     8.830546675         7.520342214        -2.598335323                
     2.810754019         3.321452556        0.3218930928                
    -4226.676123        -1971.918637        -2153.352343                
Si              45                                                      
     6.408293641         3.492161479        -4.295179948                
   -0.7922481793        -1.927314207       -0.1681272062                
    -7087.012794        -5806.635184        -12821.89537                
Si              46                                                      
    -3.808481939         6.539866013        -2.505291828                
     1.050979192       -0.1961762072         2.146773930                
     8718.282682        -3985.259682         1272.580759                
Si              47                                                      
    -3.732677532         3.430892116        -2.407473199                
   -0.7049249015        0.8795499700        0.9610450647E-01            
    -1859.208778         5249.083358        -11930.08693                
Si              48                                                      
     6.464150315         6.592520585        -4.467636395                
     1.371658945         2.297761849        -1.337761184                
    -4518.571527        -124.2260853        -5153.479276                
Si              49                                                      
     8.628614247         1.190545905         2.243546200                
     3.260876734        0.3428671871         1.739831617                
     7893.315590         4621.873682        -3652.723944                
Si              50                                                      
    -1.552563298         8.765706603         4.516392977                
     1.388894118       -0.5569872637E-01    -2.780658077                
    -1148.603154         1567.261644        -2908.308107                
Si              51                                                      
    -1.590203130         1.193073993         4.573274184                
    0.7425284268        0.4526441097        -2.383893180                
     5856.783219         884.3557057        -3039.835977                
Si              52                                                      
     8.612497030         8.853947807         2.136411474                
    -1.269913481        -2.584276604         1.565200230                
    -9718.796737         3505.808811         5865.392385                
Si              53                                                      
     6.320324387        0.6647964064         4.230141301                
    -1.121267907        -1.159030086         2.985668832                
    -5469.139203         6407.159066         3837.947054                
Si              54                                                      
    -3.877293199         9.380348689         2.516183314                
    -3.629569191        -1.657690466         3.026342409                
     3468.250244        -1133.963058         3231.358365                
Si              55                                                      
    -3.923438142        0.5812749942         2.599756105                
    0.8384040998         1.075495453        0.2348719539                
     2034.898896        -5472.825780         3202.311172                
Si              56                                                      
     6.274691112         9.489248814         4.085913903                
   -0.3793377211       -0.4358145861        0.1269660135                
    -11546.82206         7313.715099        -4544.414368                
Si              57                                                      
     4.495361386        -1.154771453        0.4224282158                
    -1.066295276       -0.2871893998E-01    -3.127700527                
     4177.970770        -6356.524046        -4689.935387                
Si              58                                                      
    -5.613798623        -8.976851605         6.346684392                
     2.427600171        0.6560745134       -0.8309180026E-01            
     3138.796987         1067.862592        -7357.361273                
Si              59                                                      
    -5.547231519        -1.352417324         6.385121301                
    0.6774822307       -0.2666709311        -1.559581965                
     2700.948685         13667.76559        -6537.560093                
Si              60                                                      
     4.496140734        -8.791355085        0.2585538695                
     1.533977980         2.987454247        -1.877874899                
    -10670.31716         1864.017692         11361.80081                
Si              61                                                      
     7.685737106        -1.231282548        0.3952989357                
     1.069507024         3.102915841       -0.3916936801                
    -1054.131796        -2044.662338         8198.971154                
Si              62                                                      
    -2.422743888        -8.939211652         6.339696122                
    0.4014318280       -0.4505852637        -2.643378985                
    -7078.347390         132.9200573         2963.914273                
Si              63                                                      
    -2.400761481        -1.267991002         6.426995097                
     1.686846165        -1.276756312       -0.2809658812                
     15623.23045         2747.824346         125.8763739                
Si              64                                                      
     7.647740831        -8.879458517        0.3015275411                
    0.1489430371         1.477858250       -0.5667345725                
     9078.054309        -41.05355967         15557.20813                
Si              65                                                      
     1.429700779        0.5971735692         4.263083782                
     1.918237974       -0.2865792505         1.221870856                
    -2737.742857         5990.216158         3030.543226                
Si              66                                                      
    -8.693330744         9.422534829         2.478293872                
    -1.566718836         1.986421592         1.633338677                
     1311.279288         7428.454859         5163.966638                
Si              67                                                      
    -8.658740068        0.5252546532         2.563948328                
   -0.5808077367E-01   -0.1019966194        0.9742545002                
    -4294.912604        -11309.96923         278.2237432                
Si              68                                                      
     1.443326007         9.442127796         4.130069385                
    0.5047996883       -0.5433385267        0.3727772298                
     8685.606431         7137.171452        -2264.702986                
Si              69                                                      
     3.830168520         1.242722812         2.370760609                
    -5.323826224       -0.2631594564        -3.991804028                
    -8660.502694         5395.224682         3714.457546                
Si              70                                                      
    -6.352173509         8.789734569         4.368603904                
   -0.5849016894         1.582566204        0.4259595214E-01            
     9636.816429         2794.599411         19144.74204                
Si              71                                                      
    -6.356287724         1.103684298         4.543248714                
    -3.025761554        0.8348307459       -0.5835635037                
     9452.829349         5126.106126        -4296.501575                
Si              72                                                      
     3.793001264         8.942890410         2.153354478                
    -4.503963922         1.442445474       -0.4852304392                
     2303.538048         6622.328821         9876.505459                
Si              73                                                      
     8.639452693        -3.505388534         2.333714106                
     1.800346269         1.091345006         2.892698662                
     4272.565243        -2269.262326        -12464.26600                
Si              74                                                      
    -1.522327891        -6.669777183         4.372415614                
   -0.1537906593         1.706687865        -1.097020985                
    -4326.881211         10492.76516         19632.50096                
Si              75                                                      
    -1.478096973        -3.537004459         4.471255331                
     1.082134373         2.940463643        -1.864345330                
    -7889.203921        -2588.040302         3350.680395                
Si              76                                                      
     8.708994766        -6.634014391         2.251736453                
    -3.916754505        -1.110111566         1.529282536                
    -703.3533805        -11993.75048         583.1558128                
Si              77                                                      
     6.339625856        -2.502102815         4.181794848                
     2.880045979        -1.364168592       -0.7633816983                
    -5228.470119        -7868.304793        -6046.214327                
Si              78                                                      
    -3.839569526        -7.595234654         2.531874256                
    -1.235135963         2.206205269         2.166332420                
    -3705.534994        -11088.48107        -6961.869914                
Si              79                                                      
    -3.800490374        -2.606193827         2.596417391                
     1.361171632        -1.533139931        -1.121813413                
    -10065.63493        -63.59940119        -3319.472038                
Si              80                                                      
     6.316214626        -7.483626698         4.118450211                
     1.441211562         2.657111141        -1.780345349                
    -4855.023778         3039.877181        -6493.194972                
Si              81                                                      
     4.505129769         3.531272627        0.4089290454                
    0.5959333041        0.9084928310         2.367831013                
    -181.9489948        -1315.587249         7917.012196                
Si              82                                                      
    -5.633188549         6.506252139         6.366869944                
    0.5757216726         1.722688777        -2.877551488                
    -5857.526814         9724.830347        -10756.64304                
Si              83                                                      
    -5.637478523         3.444657178         6.438685855                
    -1.862050155        -1.636659206        -1.967487467                
    -3528.291559        -10105.30422        -8472.337371                
Si              84                                                      
     4.530918864         6.593228367        0.2709223443                
    0.9131590771         2.974226657         3.630199978                
    -4759.768459         11317.65282        -7110.325891                
Si              85                                                      
     7.699609518         3.492329612        0.3280298778                
    0.3325300699       -0.6667384806       -0.2709799071                
    -5003.034220        -11857.98290         560.0404309                
Si              86                                                      
    -2.477167627         6.568324004         6.434870814                
     2.483218358       -0.1548457208         2.128872172                
     6113.682315        -22307.61021        -610.7361476                
Si              87                                                      
    -2.487289869         3.420020832         6.515157488                
   -0.9201270348        -2.280619723       -0.6890794727                
     8552.756033         1475.370561         6099.529423                
Si              88                                                      
     7.712238307         6.585771372        0.2222317276                
    -1.184743888         4.933566194         1.784916325                
    -5417.478555         6588.776409         1439.908513                
Si              89                                                      
     1.482085793        -2.587477904         4.234461262                
    -1.862743686       -0.9745886011       -0.8264576860                
    -12425.70469         5108.381501         5049.009770                
Si              90                                                      
    -8.614042067        -7.597582535         2.521638965                
     4.267565734        0.3943773736         1.903272855                
    -7104.736114         772.2674084        -5443.500348                
Si              91                                                      
    -8.660098237        -2.690005489         2.563388745                
    0.5982921350         1.210350892        -2.382652853                
    -5908.061801         11366.23051         4595.304032                
Si              92                                                      
     1.450440424        -7.535140233         4.090591460                
    0.7276908785       -0.6085333374        0.2531398848                
     3279.106751        -12142.70971         6241.708399                
Si              93                                                      
     3.863091295        -3.463788789         2.387813479                
    -1.831301436        -1.814226344        -1.335071381                
     6905.802844         11478.33349        -504.4131047                
Si              94                                                      
    -6.263107150        -6.716363509         4.371409686                
     2.246911548        0.4526397058         1.839527267                
    -7607.004500         8157.375656        -6121.786519                
Si              95                                                      
    -6.259997571        -3.602214833         4.376689531                
    0.8948027641         1.580885583       -0.9228628580                
    -2876.009475         7224.113460        -8045.392460                
Si              96                                                      
     3.837089101        -6.569601942         2.314587385                
    -2.244771376        -2.684087476         1.180655038                
     12193.32169        -2866.523664        -2132.130393                
O               97                                                      
     2.692648574        -1.103330835        -3.359866094                
    -1.839939921        0.8468366130        0.1434836966                
    -1531.146601         1373.058366        -642.3883351                
O               98                                                      
    -7.498844415        -9.061455588        -3.519170862                
    -1.309488393         1.719674230        -3.430399320                
    -4659.310873         5913.683981         13363.01676                
O               99                                                      
    -7.472888406        -1.124388089        -3.421977394                
    -1.573153306       -0.2831602992        -6.088501954                
     5393.489948         106.1055020        -5571.735636                
O              100                                                      
     2.660871144        -8.995982138        -3.530236493                
     1.660387967        -3.025173018        -1.038267395                
     17112.17145        -12040.46850         6211.498699                
O              101                                                      
     4.083523658        -1.037124734        -1.111643869                
   -0.4963975559E-01   -0.3920713205       -0.1445678337                
     5229.909858         1568.752219         10442.35127                
O              102                                                      
    -6.063316001        -9.131051042        -5.751168641                
   -0.5403853895        -2.337772302       -0.8898796026                
     1398.765265        -2897.703994         7743.672975                
O              103                                                      
    -5.967229816        -1.152319285        -5.705774654                
     2.491127138        -4.827590256        -3.043095678                
    -6659.781367         2324.509026         9621.387124                
O              104                                                      
     4.071625880        -8.954001866        -1.232100359                
     1.646922933        0.4269594148        -1.144912039                
    -372.7186583        -8918.819988        -13602.11290                
O              105                                                      
     4.101852630         1.126610861        -6.411373042                
    0.1757794282       -0.5838911138         2.061242418                
     7124.012287         2452.701146        -777.2270359                
O              106                                                      
    -5.962435983         8.844081287       -0.4056983617                
    -2.036494231        -4.142038678        -6.042512408                
    -10246.96010         3448.630153        -1923.319722                
O              107                                                      
    -6.058199384         1.207602746       -0.4538705098                
    -2.365556045         2.291772247       -0.7580469610                
     54.09095758         3220.738050         4365.120626                
O              108                                                      
     4.100395098         8.847581880        -6.489021928                
   -0.8643043449        -1.078882521         3.548274543                
     2057.584370        -372.4246436         927.1710492                
O              109                                                      
     8.236809502        -1.040259923        -1.062616276                
    -1.464339983         3.422585182         2.001513699                
     1120.822392        -6589.733513        -5147.069644                
O              110                                                      
    -1.906057838        -9.065097735        -5.771775284                
     3.345045312        0.7963389450        -5.652772096                
     2288.384374        -5554.380754         6438.409986                
O              111                                                      
    -1.847078607        -1.100356165        -5.681093636                
    -3.485044609         1.504773020        -1.869700578                
    -2505.074970        -1881.244799         1069.836675                
O              112                                                      
     8.179187409        -9.101870538        -1.153527525                
    0.6584417213        -1.206372993        -1.438148774                
     2434.470990         466.5585861        -8240.356335                
O              113                                                      
     7.770661274        -1.131937968        -3.610209426                
    0.8747857098       -0.4982030399         1.593886118                
    -4354.787392         1644.358327        -3650.567478                
O              114                                                      
    -2.424302830        -9.061584279        -3.274168778                
    -1.861153253         1.843171293       -0.2534911294                
    -5546.311997        -152.4749126         9081.182798                
O              115                                                      
    -2.432827226        -1.151059014        -3.124953820                
    0.2918139421        -1.628509552        -1.245314173                
     14559.86285         2538.032613        -9376.421467                
O              116                                                      
     7.766244789        -9.052830662        -3.702202162                
   -0.1487310242         2.930368452        -4.074446661                
    -2128.892586        -1761.386101        -2746.630951                
O              117                                                      
     5.197790457        -1.143158005        -3.499902977                
    -1.523366118       -0.4560447204         1.462514589                
     12977.02369         1913.244604        -2355.161244                
O              118                                                      
    -4.945649174        -9.115400465        -3.390500021                
    0.4231408312         5.142572740         2.200139408                
    -668.5833125        -2667.838690         516.5193110                
O              119                                                      
    -4.931811377        -1.063280362        -3.327691698                
    -5.053981760         2.094255548         1.360455557                
     4298.487530        -5646.023207         5892.884692                
O              120                                                      
     5.250112144        -9.094468540        -3.563793086                
    0.4846776080        -2.173114709        -1.303502272                
    -3559.000460        -3323.882100        -1130.085090                
O              121                                                      
     2.610069511         3.011727573        -3.284238342                
    -1.338280524         2.312237613         5.191883246                
     12250.44236        -773.0973862         7619.548497                
O              122                                                      
    -7.536309609         6.975385816        -3.493759019                
    0.9899142609        0.7458153253         1.873918092                
     6305.391439        -579.9694958         469.7110173                
O              123                                                      
    -7.526823970         3.010045385        -3.426033708                
   -0.3130643880E-01    0.5846861863        -1.962930612                
     2149.234200        -4388.272384         577.8358959                
O              124                                                      
     2.667148377         6.971713725        -3.515747072                
    -2.848886443        -1.405167156        -1.201519538                
     115.6052399         3915.239475         6919.958127                
O              125                                                      
     4.084061399         3.014029614        -1.001355435                
     5.169124533         1.124330551       -0.8223684638E-01            
    -4668.820275        -2995.484769        -16880.15336                
O              126                                                      
    -6.105495673         7.014241927        -5.810953966                
     2.182497756         2.607546844        -2.817019003                
    -4341.563376        -2642.146283         10026.82259                
O              127                                                      
    -6.089923409         3.072875281        -5.695695797                
    0.8636254825       -0.1631156668E-01    -1.478513609                
    -4760.331418        -8638.382456         12916.50138                
O              128                                                      
     4.052990466         6.926271463        -1.220257079                
   -0.4815149292        0.8308694120        0.4524737752                
     3622.854372         666.9039830         8564.869449                
O              129                                                      
     4.109571088        -3.417879634        -6.532919768                
   -0.8773154286        0.9259408007        0.7132853880                
     13563.90786         5409.816387         3956.613286                
O              130                                                      
    -6.029954262        -6.688714148       -0.4616163749                
    -3.820282751        0.8803600742        0.7426623534                
     6407.588504        -6091.593372         4068.689253                
O              131                                                      
    -5.989849663        -3.391146284       -0.3260437667                
   -0.1644312426        -2.204024214         2.793713496                
     2272.802593        -2849.554615        -663.3731241                
O              132                                                      
     4.121160240        -6.754897038        -6.560422626                
    -1.988968529        -1.580691867        0.4440630179                
     3034.859198         18.53920274        -2158.192663                
O              133                                                      
     8.236943289         2.988324995        -1.095918129                
   -0.8380721660         2.647703369         2.709657534                
    -2930.557095         3728.119738         8526.225594                
O              134                                                      
    -1.960491533         7.041431902        -5.752412733                
   -0.7666325518       -0.9560752618       -0.4350253863                
    -362.1027970         4885.152229         6790.685562                
O              135                                                      
    -1.929547960         2.882453075        -5.679741020                
     3.281352174       -0.3172526099         1.717013600                
    -1286.787003         3726.844600         877.6166492                
O              136                                                      
     8.238771622         7.029943866        -1.195273823                
    0.1151637086         3.807473715        0.1087393659                
     2459.329986         1261.440779        -3415.198701                
O              137                                                      
     7.712327467         3.038607255        -3.545104764                
    -1.575868459       -0.7253999784         1.306104146                
     8153.244615        -5176.555147         6804.949045                
O              138                                                      
    -2.448463945         6.945361606        -3.257418729                
    -1.808262741         2.962081787         3.016547243                
    -5165.854005         2254.402548        -4031.961422                
O              139                                                      
    -2.447661511         3.032952623        -3.232060833                
     4.919983635       -0.8442359498       -0.4704014673                
     6214.156288        -6972.184646        -2589.057411                
O              140                                                      
     7.780864499         6.990346120        -3.677143111                
    0.7416483307         3.524853413         3.957175403                
     1018.166215         4561.038228         1768.954079                
O              141                                                      
     5.165870691         3.149228148        -3.349004895                
     4.382832495        -3.729816740         2.117525572                
    -744.7294439         1087.969679         3478.583611                
O              142                                                      
    -5.016480932         6.900673035        -3.488551823                
     3.820157462       -0.9658287854         1.051001498                
     2771.419701         1232.490415         3329.099105                
O              143                                                      
    -5.010233312         3.101418933        -3.352059652                
   -0.9006797881       -0.5766915144        -1.742509351                
     8768.748156        -7473.814627         7045.282119                
O              144                                                      
     5.211887546         6.964762920        -3.524708846                
     1.642065707        0.3270851180       -0.4392584149                
     2751.424641         1737.921461        -1006.099757                
O              145                                                      
     4.061844165        0.9570147785        -2.599887384                
   -0.7536095868       -0.6061659389        -1.273160221                
    -3676.655822         6241.223787         438.5273843                
O              146                                                      
    -6.259080293         9.031001091        -4.211197709                
     4.457340547         1.019360786       -0.9181865547                
     5092.266445         7592.196474        -2042.509537                
O              147                                                      
    -6.172312981        0.9316072710        -4.208364299                
    0.4285316608       -0.8690113572         3.251796221                
    -2885.823676         3803.483866        -2697.413837                
O              148                                                      
     3.940359844         9.048070621        -2.642518963                
   -0.9758973598        -2.598138113        -3.374923078                
    -1314.510876         10025.35557        -4291.897021                
O              149                                                      
     8.782419561        0.8959778529        -2.487932704                
   -0.1579334112        0.3690852250         1.448338230                
     2192.010855         3908.170871        -9564.156547                
O              150                                                      
    -1.327893663         9.079247385        -4.279806395                
     1.443857448        -2.656452463        0.6220395218                
    -4172.413887        -4397.619124         1218.715414                
O              151                                                      
    -1.289661587        0.8566624450        -4.145111159                
     3.163560994        0.8910556278        -1.831059131                
    -3653.518217         6263.169944        -223.3110292                
O              152                                                      
     8.891856049         9.103351537        -2.633608573                
     2.820597361         3.932145322         2.559676145                
    -10107.32986        -5622.467843        -616.0618097                
O              153                                                      
     1.980989037        -2.584012385        -5.352821865                
    -3.360711707        0.1479862519        0.4632613965                
     2648.584060        -7244.872882        -10137.77404                
O              154                                                      
    -8.207792675        -7.609427510        -1.417110708                
   -0.2303679523        -1.454999357         1.539403837                
    -492.8716095        -6540.789026        -9594.264944                
O              155                                                      
    -8.217718091        -2.570506072        -1.360791947                
    -3.032749221        -2.850424316         1.085708262                
     3987.943141         5037.962581        -2893.448189                
O              156                                                      
     1.963321174        -7.625855468        -5.613715293                
    -3.622213137        0.4703734241        -4.040365367                
    -6637.203302        -9410.943792         10400.41295                
O              157                                                      
     2.043925482       -0.9145030982E-01    -5.502227408                
     2.319114443        -4.660935739         2.073075129                
    -3661.350011        -2275.369997        -4027.226549                
O              158                                                      
    -8.074212433         10.04551181        -1.340608978                
    0.9480804358         4.517971521         1.507265338                
     4871.673681        -2143.109674         3727.150590                
O              159                                                      
    -8.117763595       -0.5491449691E-01    -1.271373621                
    -1.183083751       -0.9846087504         2.571903828                
    -1613.061639         1064.942601        -2610.524642                
O              160                                                      
     1.956465199         10.03935639        -5.658144509                
    0.1573714303         5.088254502        -1.242781018                
     4366.687074        -7918.306314        -42.64348078                
O              161                                                      
     2.031964306         2.390189353        -5.578958812                
     1.334550924        -1.202202516         2.757449212                
     3444.304915         1549.190338        -8064.449580                
O              162                                                      
    -8.075613750         7.529766985        -1.104765786                
    0.6569738255E-02    -1.411453872        -4.188858183                
    -56.00379463        -9182.149987        -11309.72506                
O              163                                                      
    -8.181737578         2.501623578        -1.100279100                
    -1.370186779         2.357809384         4.979218563                
     3592.829763        -8299.587705         5598.555518                
O              164                                                      
     2.026881269         7.490596356        -5.791071191                
   -0.7576261095       -0.2829436761        -3.111073201                
    -2540.313569         6959.436566        -5493.704953                
O              165                                                      
     6.304432769        -2.603203188        -5.315883687                
   -0.5750359936        0.5643913590        0.3533535532                
    -228.4457450         9084.061096        -5028.915681                
O              166                                                      
    -3.914759431        -7.624013571        -1.540302416                
    0.4089967956         1.670935512       -0.2898925830                
     2466.785989         1228.236333         1788.318436                
O              167                                                      
    -3.885585202        -2.547950532        -1.430914850                
    -3.029707947        0.6126463355        0.4318578184                
     1609.781766         845.3996979         4234.452440                
O              168                                                      
     6.295579532        -7.599110641        -5.450261571                
    -1.981829124        -1.049519235       -0.8212402375                
    -1885.806129        -1142.191339        -1351.575600                
O              169                                                      
     6.199225629       -0.5047101684E-01    -5.499349661                
    0.2082603370       -0.5040814659E-01    0.7999971839E-01            
     3079.461802        -1964.160386         4652.414034                
O              170                                                      
    -3.910520238         10.08775539        -1.314962447                
     4.158948618        -2.002031024       -0.3991314681                
     3434.987075         227.5963851        -7831.471748                
O              171                                                      
    -3.989903469        0.2162344658E-02    -1.298144902                
   -0.4921897279        -1.431042472       -0.6918881769                
     7234.335032        -14987.74391        -5348.304756                
O              172                                                      
     6.206467258         10.07661544        -5.609155345                
     2.256406308         2.169638565        0.4408482542                
     232.1969415        -10559.36609        -6225.625868                
O              173                                                      
     6.118125180         2.522115651        -5.518838141                
    0.3825499829         2.836280570        -1.320776225                
     121.9210600        -11417.05369        -3179.574669                
O              174                                                      
    -4.003627116         7.555030898        -1.308398663                
    -2.089766759       -0.2375943430        0.7785438367                
     2691.946311        -3211.606678        -4564.019225                
O              175                                                      
    -3.896626707         2.478883087        -1.189767420                
    -3.011471489       -0.6121842966E-01   -0.9492792543                
    -8545.481666        -6988.155330         7643.680225                
O              176                                                      
     6.221245638         7.530876442        -5.727479187                
     2.895902161        -1.503263349        -1.493409731                
    -2777.578270         9257.206025         1830.844376                
O              177                                                      
    -10.01080768        -1.114683790        -2.605145392                
   -0.9168340593         4.023008886        -1.941952565                
     122.3035563        -2903.607038        -1154.535211                
O              178                                                      
    0.1386394640        -8.984386999        -4.262410021                
   -0.6184574716         4.635798413         2.082657627                
    -12406.99926        -7132.984692        -2476.506924                
O              179                                                      
    0.1490250919        -1.201310111        -4.139294445                
     2.077138141        -1.103378932        -1.648940347                
    -1718.113570        -1170.539596         412.1924067                
O              180                                                      
    -10.02592120        -9.041060398        -2.654538816                
     2.649367202         4.218924192         2.552694735                
     1943.735671         5282.666454         5015.827023                
O              181                                                      
    -10.05056201         3.010675780        -2.619633993                
    0.2723626715        0.6811441030E-01    0.6990613356                
    -15057.08424        -2357.735808        -782.8391698                
O              182                                                      
    0.7197208333E-01     6.904195450        -4.285488297                
     1.033173065       -0.4015055258        0.2532553809                
     2867.538256         4500.084598         1013.626484                
O              183                                                      
    0.9616405884E-01     3.051562183        -4.163821351                
    -4.554052064        -2.855036486         1.055157456                
    -1488.141893        -2484.961893         1751.236170                
O              184                                                      
    -10.01993168         6.978315819        -2.650178386                
   -0.5358171253E-01    -1.213198518         2.635393852                
     4937.574266        -4697.644972         2926.092454                
O              185                                                      
     1.712762389         4.974703256        -4.705261579                
    -4.427811271        -4.117251329        -1.307704068                
    -2861.363313        -3310.186695        -231.1186280                
O              186                                                      
    -8.464717923         4.997816308        -2.155339131                
   -0.3372023182         2.386224919       -0.6973597670                
    -3820.562298         6617.134420         4146.192175                
O              187                                                      
     6.464621926         5.017701530        -4.651980861                
    -2.027389470         1.856365594        -1.277060251                
    -98.27356194         7329.994127         6350.147822                
O              188                                                      
    -3.774648410         4.977305332        -2.201947830                
    -1.584040723        -7.397654223         1.807032729                
    -477.4286027         14833.45633        -1032.802139                
O              189                                                      
     5.950320038        -5.047033189        -6.333364621                
     1.225230063        -3.574005150         2.424176073                
     5367.026192        -1398.934836        -2120.044336                
O              190                                                      
    -4.129199141        -5.103989857       -0.5533881600                
    0.7748760734        -1.594943329        -1.319257651                
     518.3244299         4405.911958         1111.760629                
O              191                                                      
     2.295804051        -5.095084207        -6.384803633                
    0.4733163760         1.247873830       -0.9216510193E-01            
    -1728.872029         1307.123399        -6134.147925                
O              192                                                      
    -7.867713322        -5.090141538       -0.4527223481                
     3.241471376         1.609823077         7.061506416                
    -565.1080268         12393.33900        -105.3910397                
O              193                                                      
     7.593618366         1.122774027         3.419017392                
    0.1550698236         3.003101821        -2.046332109                
    -2787.451749        -1511.901986         5865.695037                
O              194                                                      
    -2.615417338         8.912347490         3.341025378                
     1.145771417        -2.318012517        0.2696528548                
     6982.426050        -948.7140881         4777.377862                
O              195                                                      
    -2.614694847         1.007184440         3.381482643                
    -1.720357451        -2.355541423         2.781076026                
     432.9315110         4819.043840        -1420.213372                
O              196                                                      
     7.552633452         8.997002827         3.317336995                
   -0.4377199771       -0.6993849462       -0.9474672072                
     4002.929640        -2742.219218        -929.8538542                
O              197                                                      
     6.182593717         1.098337297         5.766752151                
     5.049874189         1.428422371         1.668831160                
     2961.554781        -4994.801805        -16088.52652                
O              198                                                      
    -3.978538016         8.901895204         1.019172874                
     1.855725893       -0.9437311542        -1.683607708                
     7560.462251         5347.121070         7570.479101                
O              199                                                      
    -4.094783260         1.032448247         1.094527403                
   -0.7949089259        0.2573265992E-01     4.215264850                
     2568.865050         1845.041393         2552.011223                
O              200                                                      
     6.101628840         8.992809227         5.577125440                
    -6.114059200         3.503816275         2.256958889                
     3374.090711         4346.503022        -840.8493837                
O              201                                                      
     6.096086308        -1.242432746        0.4287041915                
    -2.342814097        0.1522157435       -0.6599685218                
    -351.3035734         8409.427151        -6083.343062                
O              202                                                      
    -4.018451557        -8.975508428         6.343931022                
    0.2416141965         1.203544279         1.800595496                
     2128.089358         1626.825891         2008.013149                
O              203                                                      
    -3.949199636        -1.286996834         6.389115588                
     2.966886797        -3.397118878         2.731057680                
    -17993.34966        -2662.617608         3125.785788                
O              204                                                      
     6.064233001        -8.841362609        0.3119565769                
    0.4457622791        -7.428619103        0.4520014678                
     10918.04631         1249.632798        -4360.271926                
O              205                                                      
     1.979432098        0.9746635537         5.713879513                
     1.664698970        -1.626061712       -0.6973152011                
    -1610.980280        -1189.291819        -3628.484765                
O              206                                                      
    -8.139068444         9.040931223         1.047973337                
    -2.310560610         2.820860189       -0.5744044390                
     1576.431549        -2643.610106         2120.085928                
O              207                                                      
    -8.162631209        0.9199672699         1.101476398                
    0.9825943606        -1.733363615        0.4556511496                
     6044.414814         6426.151984         1125.074676                
O              208                                                      
     2.026584196         9.037421150         5.546724240                
     1.156740868        -5.012733151         1.543232304                
    -208.1192243        -4477.654027         7190.266385                
O              209                                                      
     2.486579840         1.026496809         3.194610463                
     3.329748459        -3.155604836         4.392782507                
     7747.781425         4292.922800        -5228.456723                
O              210                                                      
    -7.709409212         8.901517871         3.588981524                
    -1.102149664         3.691323130         1.287444915                
     4990.921646        -2004.180348        -2013.050220                
O              211                                                      
    -7.676689123         1.000788032         3.714022546                
     2.806813635       -0.1638625134       -0.9159372525                
    -4747.408290        -2290.235805        -10397.02732                
O              212                                                      
     2.459361512         9.014620102         2.998220846                
    0.5185141841         2.095730852        -3.089187975                
    -1243.058199        -2067.393492         472.3722030                
O              213                                                      
     5.029269699         1.143637442         3.405312561                
    0.3328098105        0.5057355391         1.738152174                
     6368.829613        -6167.280845         2661.007098                
O              214                                                      
    -5.145049515         8.967285662         3.347821001                
   -0.6158232862        -1.491871965        -3.943419367                
    -9520.445123        -4748.578595         220.1902777                
O              215                                                      
    -5.144224049        0.9859847423         3.514993956                
     3.978256223        -1.986702417       -0.9688219001                
    -2981.262516         2159.019219        -8144.998043                
O              216                                                      
     5.000271843         9.107427342         3.198908024                
     1.997586401         1.190437297         2.720279796                
     880.9997085        -3738.919922         249.9171405                
O              217                                                      
     7.627966352        -3.077637324         3.442087017                
    -2.462883691        0.3518865383         2.090744489                
    -9695.059745         1572.959208         9079.173798                
O              218                                                      
    -2.583768534        -7.055098866         3.308705136                
    0.3246881688         4.937771293         3.503503787                
    -3901.239797        -6006.654264        -9173.394686                
O              219                                                      
    -2.531295083        -3.132835625         3.360649979                
     3.399329104         2.833996385         3.745767347                
    -2725.498465         6416.016559         2003.036611                
O              220                                                      
     7.608550661        -7.006209028         3.351561429                
    -1.060383624        -2.943570428         2.641260145                
     5102.272479         522.2700982        -3259.206674                
O              221                                                      
     6.165647268        -2.938564063         5.688226464                
     1.648192381        -2.568823540        0.3548079482                
     5160.028821        -5622.240711         2905.524950                
O              222                                                      
    -3.963269067        -7.117344986         1.021506716                
    -3.557791427       -0.1295055224        -2.096736732                
    -3092.082967        -976.0243828         3721.229512                
O              223                                                      
    -3.899964603        -3.134826632         1.114589418                
    -1.847849644        0.4769294188E-01     1.429073845                
     410.7944662         1733.403602        -6120.962143                
O              224                                                      
     6.172810574        -6.996399739         5.605098268                
    0.9479310559        -1.003463726         5.606504211                
     2143.480788         187.5341347         1494.274958                
O              225                                                      
     6.095745055         3.407107784        0.4474134488                
   -0.5148075327        -1.620094594        -1.440083314                
     7061.307133        -844.9737189        -2895.405756                
O              226                                                      
    -4.062283932         6.685108370         6.374243558                
    -1.240042332       -0.5696361646         3.086039655                
     9035.440088        -4451.168105        -1145.971492                
O              227                                                      
    -4.067500837         3.275648241         6.457165540                
     1.317569506         2.257189456        -1.926039106                
     5934.445352         7720.373032         737.0086351                
O              228                                                      
     6.117165246         6.754879060        0.2969701925                
   -0.1293801280         2.333725758        -6.615164785                
     2996.213528        -3743.704339        -1078.256106                
O              229                                                      
     1.906059678        -3.065276663         5.693058358                
   -0.8512382248         3.233806465        0.8621825747                
     9213.283786         1531.326522        -589.6620095                
O              230                                                      
    -8.090894665        -7.151895110         1.068900031                
    0.5195295105        0.2718192084       -0.9971876271                
    -2840.671977         1638.369690         5911.574601                
O              231                                                      
    -8.113381219        -3.127766220         1.160966115                
     3.139551112        -1.192971776        -3.418941473                
     705.7551109         564.9518543        -7692.706997                
O              232                                                      
     1.994623745        -7.077836457         5.513813953                
     3.027356440       -0.9147463856         2.223040312                
    -1353.220600         3126.132314        -2242.131052                
O              233                                                      
     2.547280503        -3.077773033         3.188932913                
    -3.730704438        -1.358524207         1.219308969                
    -346.9040924        -4377.492527         2855.290941                
O              234                                                      
    -7.606167209        -7.051871427         3.584166619                
    -1.012026623         3.579523778        0.4251450283                
     5734.996407         4279.985544         2448.233136                
O              235                                                      
    -7.628927915        -3.258993302         3.606457137                
     1.969425898        -4.086687275        -5.017160579                
     6179.500843         482.5024326         10159.29419                
O              236                                                      
     2.526673536        -7.004116126         3.083789176                
    -2.588942639        -3.872056424         2.159319964                
    -1331.106886         5129.612928        -5989.438719                
O              237                                                      
     5.093021165        -3.047678332         3.323778244                
    -4.377067816       -0.1640349027         1.109320836                
     3155.089444        -417.9077829         4842.225923                
O              238                                                      
    -5.083735406        -7.131525173         3.391376578                
    -1.586275988        -1.415499657        -2.494007622                
     1452.444007         3202.639767        -1963.337271                
O              239                                                      
    -5.095081507        -3.148114364         3.373459925                
     3.045492380         2.132415313        -4.665469221                
     4405.508438        -578.1980006         7166.029054                
O              240                                                      
     5.081594682        -6.920804396         3.263418485                
    -2.917244101       -0.2846093146        -1.229234082                
    -2316.377356        -4358.312637        -394.5047767                
O              241                                                      
     6.348614670       -0.9336101319         4.163996190                
   -0.5495960950E-01    -1.592185113        -1.274519880                
    -681.5221920         10728.62906         2890.676927                
O              242                                                      
    -3.840815115        -9.207150802         2.521255997                
    -1.999038345        -3.020734992         1.208634378                
     2789.687378         10995.64821        -3576.242296                
O              243                                                      
    -3.884197452        -1.012248628         2.575268095                
    -3.200633344         4.331918533       -0.5748145535                
     3673.474780        -5198.127713        -893.3184917                
O              244                                                      
     6.267218253        -9.063761527         4.116913041                
    -1.829343019        -1.903093473         1.133212294                
     4544.752156        -11221.43307         2276.930419                
O              245                                                      
     1.408605646       -0.9861886952         4.207634686                
    0.2182233330       -0.7277983644       -0.5870171862                
    -1064.789406        -8616.276040        -1315.465426                
O              246                                                      
    -8.583377384        -9.175282137         2.591191221                
    -2.339801747         3.186006373        0.2266681133                
    -2678.308420         1373.472559        -1885.672079                
O              247                                                      
    -8.638671486        -1.073506204         2.625397513                
   -0.2372044903        0.4065636917       -0.5545302931                
     318.6405575        -5884.680108         2144.637605                
O              248                                                      
     1.435354796        -9.135653091         4.029261793                
    0.1989932562        -2.447749884         3.540499890                
    -3960.595149         4749.403321         818.7691880                
O              249                                                      
     8.340665483         2.513691476         1.398389172                
    0.8205467810       -0.7699954164       -0.1111844613                
    -992.6666435        -1523.191882        -887.5455803                
O              250                                                      
    -1.797487674         7.438893078         5.332860751                
    -1.063205001        0.8073890929        0.4170315463                
    -7355.708391         8184.981027        -2775.023665                
O              251                                                      
    -1.894353609         2.453406319         5.444966124                
     2.188649188         3.821823068        -1.787824745                
    -3598.247922         3420.335492        -6743.054838                
O              252                                                      
     8.374631090         7.552201726         1.279806029                
    -1.714482006        0.4237297033        -1.624150442                
    -3232.707429        -1610.432164         1747.800755                
O              253                                                      
     8.225537037       -0.2730867913E-01     1.299087212                
    0.7486682771       -0.9406042999        0.8370799723                
    -3609.617395         2104.825391        -2387.941428                
O              254                                                      
    -1.898007007         9.975467832         5.516790525                
     1.409828031         4.006592239        -5.814109257                
    -2088.573234        -3219.306909        -5812.523073                
O              255                                                      
    -1.913900512       -0.3479778079E-01     5.538279401                
    -5.598512598        0.8096032805        0.2143294136                
     2701.212916        -3374.557119        -1251.729145                
O              256                                                      
     8.172103618        -10.11175265         1.208395572                
    -1.366660587        -3.248912177         1.097301867                
    -4178.604168         7105.272233        -9557.085571                
O              257                                                      
     8.186845791        -2.524653744         1.152780741                
     2.397391752         1.872898159        -1.110678372                
     2121.331170        -5650.295142         1111.127628                
O              258                                                      
    -1.942088472        -7.650585009         5.586069134                
   -0.1002328371        -2.006132799        -2.320291201                
     4997.234733         6135.401820        -12142.91921                
O              259                                                      
    -1.904075686        -2.567968291         5.672860530                
     2.458532026         1.156168298        0.2398500535                
     2974.960510        -4156.197396        -4454.648477                
O              260                                                      
     8.258602649        -7.596772735         1.041972416                
     3.514238439        -2.981127861       -0.3334821972                
    -3913.721440         1840.783774         2100.187522                
O              261                                                      
     3.943728070         2.566768016         1.512419181                
    -1.296502106        -3.580615806       -0.9938597039                
     973.1391202        -3055.394221         3016.348524                
O              262                                                      
    -6.164481727         7.480549496         5.254042604                
    0.1108875673        -4.006701253         2.627318181                
    -3777.559419         5037.601260        -6253.160650                
O              263                                                      
    -6.171394399         2.411961685         5.371573610                
     3.408467104        -3.107182519        -4.153072547                
    -4330.436765         5519.869564         8559.886535                
O              264                                                      
     3.967876014         7.666783438         1.276761190                
    -2.155151923         2.804779011        -1.871778018                
     1447.834960        -10071.23292        -2246.428694                
O              265                                                      
     4.062062984        0.6663572031E-01     1.333181072                
    -2.104215472        -1.026476225        -2.552725843                
     806.2060750         1028.422492        -3437.887387                
O              266                                                      
    -6.060449017         10.00157297         5.418051598                
    0.9743902393        -1.702391493       -0.8810125529                
    -9531.491918        -11741.28612        -7513.908484                
O              267                                                      
    -6.078014894       -0.1085513674         5.484621299                
     1.929644721         1.512413699         1.535351111                
    -683.1175736        -17229.57141         16343.96689                
O              268                                                      
     3.999865968        -10.01810056         1.165844929                
    0.1920015242        -4.187907342        -1.162583706                
    -1584.062696         7646.497615        -7445.006719                
O              269                                                      
     4.033017222        -2.432468093         1.205549484                
     1.811045203        0.1639862282        -1.136742524                
    -5352.850446        -6753.023048        -2101.497316                
O              270                                                      
    -6.094602392        -7.676008812         5.569701662                
    -1.624059815         2.739961922        -2.700398916                
     3675.972289        -5294.329718         11588.59568                
O              271                                                      
    -6.001685102        -2.639000518         5.617867435                
    -3.540009346        -2.115768022       -0.2249142579                
    -4217.906509        -5626.868549        -4530.383121                
O              272                                                      
     4.043543983        -7.486565155         1.040618413                
    -4.296029996       -0.1628315086         4.339604509                
    -1320.104589        -1019.438382         2568.698858                
O              273                                                      
   -0.5194701214E-01     1.157045296         4.196651913                
     1.872368678        -1.730788183        -1.158915779                
    -272.4594585        -12248.88279        -836.8301466                
O              274                                                      
     10.10581542         9.065624387         2.529094360                
     4.028923377        0.5748832555         3.144645464                
     2463.621201        -7249.273865        -397.4107957                
O              275                                                      
     10.15368961        0.9729108814         2.622802643                
    -3.851818331        -2.233656518        -2.494808924                
    -5279.602035         5603.193560        -628.0611753                
O              276                                                      
   -0.4697183388E-01     8.957811343         4.142087010                
    -5.245617718        -2.143521249        -1.776572537                
    -177.0753668        -691.3357408        -6240.162032                
O              277                                                      
   -0.4881710483E-02    -3.164271664         4.130851357                
    -2.586774274       -0.7476333459        -1.255291938                
     12849.20904         5426.978181        -3339.322755                
O              278                                                      
    -10.12462620        -7.088271165         2.606343134                
     1.855856946         5.112881126         1.561436798                
     2172.607432         2133.366536        -4215.880720                
O              279                                                      
     10.14178051        -3.174563567         2.621668102                
    0.8406683676        -4.191358309       -0.1560209584                
     12214.06214         6349.566384         4091.119889                
O              280                                                      
   -0.3868554332E-01    -7.012691431         4.034201380                
    -1.027376315        -2.594995583       -0.2814184160                
     7122.690275        -4026.477615        -4116.328890                
O              281                                                      
     8.646403655        -5.073733673         2.091978457                
   -0.4090989029       -0.5921318431         3.185770514                
    -4037.809336         2199.811724        -271.5222995                
O              282                                                      
    -1.603878545        -5.101311049         4.608050219                
     1.657910326       -0.5012347591        -1.683169955                
     3903.394252        -4650.189718         2950.261015                
O              283                                                      
     3.884192144        -5.006224056         2.120948023                
     1.267333135       -0.4895117873        -2.925024750                
    -6972.602049        -622.9249929         90.10406330                
O              284                                                      
    -6.196021827        -5.147699124         4.609843351                
    -3.051163930        0.4464338303        -1.691961668                
    -1531.284778        -5316.510287         122.8809641                
O              285                                                      
     4.231816264         5.082437034        0.4910681100                
    -5.200077250        0.4757237156        -1.142127954                
     3145.372032        -5743.607336         5356.881490                
O              286                                                      
    -5.882822797         4.963449119         6.169991369                
   -0.4694842337         3.041366334        0.7387595441                
     423.7677451         6675.933061         4880.089960                
O              287                                                      
     7.905358791         5.040156404        0.4181183884                
   -0.8186129864       -0.2081352532       -0.9166586114                
     6524.326148         1755.755319        -453.6244715                
O              288                                                      
    -2.206455822         4.980833828         6.343690494                
    0.9514476856        -3.620514227        0.6409868403                
    -10728.18933         2505.805614         3038.510863                
C              289                                                      
   -0.8558733612         5.166505038         1.991618432                
   -0.2981234180        -1.000366938        0.7669269112                
    -40.31561644         28.82777622        -13.33648694                
C              290                                                      
    -1.426076118         3.961764067         1.563387459                
    0.1531006692       -0.7637456966       -0.4995777450                
    -37.48645805         10.16592944        -1.351758437                
C              291                                                      
    -1.046409745         3.404770480        0.3363538053                
   -0.2134747281E-01    0.9348184440        -1.324592955                
     101.5322507         28.87942903        0.5167409404                
C              292                                                      
   -0.9654061570E-01     4.052517863       -0.4624488754                
   -0.6470197021         2.396761345       -0.8831035098                
    -11.36974307        -4.469132622        -19.61959068                
C              293                                                      
    0.4736621412         5.257258836       -0.3421790016E-01            
    -1.098243790         2.160140102        0.3834011482                
     3.244980201         17.80041344        -48.98073972                
C              294                                                      
    0.9399576866E-01     5.814252423         1.192815753                
   -0.9237956477        0.4615759621         1.208416358                
    -4.055818082         43.17110210        -26.74587991                
H              295                                                      
    -1.148758849         5.596185807         2.938187252                
   -0.1635491370        -2.310687848         1.403367217                
     45.50483860        -73.77843146         121.3509371                
H              296                                                      
    -2.158844842         3.462057949         2.179609726                
    0.6357709861        -1.891540327       -0.8401694057                
     98.81180304         139.5096335        -146.4189882                
H              297                                                      
    -1.486292982         2.475383592        0.6007252854E-02            
    0.3267485633         1.117344724        -2.301624922                
     218.8087545         71.61400972         147.9411795                
H              298                                                      
    0.1963448719         3.622837096        -1.409017694                
   -0.7815939832         3.707082254        -1.519543815                
     33.57415752         32.00438932         60.53699005                
H              299                                                      
     1.206430865         5.756964954       -0.6504401680                
    -1.580914106         3.287934733        0.7239928078                
     62.79714465        -52.68778479        -41.15784489                
H              300                                                      
    0.5338790054         6.743639310         1.523162304                
    -1.271891684        0.2790496838         2.185448324                
     75.42792882         1.581764253         50.78031460                
