Diffusion in Zeolites. ZSM5 (Silicate) Crystal Structure, Si(96)O(192) +
         2         2       300      1000   1.0000000E-03   1.0000000E+00
       20.3183600000        0.0000000000        0.0000000000            
        0.0000000000       20.1714600000        0.0000000000            
        0.0000000000        0.0000000000       13.5858629500            
Si               1                                                      
     1.546738264        -1.346107947        -4.435029871                
    -4.083070861       -0.2488244171         3.021248059                
     24722.76523        -2791.271580        -26143.44542                
Si               2                                                      
    -8.459916739        -8.943116648        -2.359116023                
    -2.015076647         1.711960546         1.545436545                
    -32176.92669         7497.193522         7058.478808                
Si               3                                                      
    -8.464818110        -1.290943366        -2.440903124                
    -4.746054803        -7.525306524        -1.282328666                
     9256.636951         2192.140248         7108.141059                
Si               4                                                      
     1.602941188        -8.965998911        -4.690785095                
    -3.742278171       -0.2994762361        0.6686766451                
    -13139.37516         16126.42598        -28234.19291                
Si               5                                                      
     3.849827709       -0.7497145322        -2.473411537                
     1.150294389       -0.6424305204         9.363830790                
     8076.626851        -7215.350268        -7343.013507                
Si               6                                                      
    -6.134292792        -9.510364722        -4.246104442                
   -0.2629914744        -4.616784647        -1.637910721                
    -5270.076501        -11040.42451        -20087.17159                
Si               7                                                      
    -6.249737157       -0.6703113507        -4.513098616                
    0.5469362981         2.261846739         5.267663308                
    -17588.15106         13511.28871         31598.80931                
Si               8                                                      
     3.905320852        -9.496859653        -2.744070165                
   -0.7201366705        -3.692949811         4.609471299                
    -8019.283746        -16620.34683         17628.27345                
Si               9                                                      
     5.755120499         1.043302435        -6.255525329                
    -3.317442910        -1.860286841        -1.407227324                
     6568.296759        -6500.198437         5312.187001                
Si              10                                                      
    -4.353338711         8.911652590       -0.5369927538                
    -2.297893100       -0.8063332722E-01   -0.5189275223E-01            
     21810.81111        -5444.465077        -7219.144701                
Si              11                                                      
    -4.561871788         1.204781379       -0.5057496270                
    -6.350933735       -0.3946511483         2.316568586                
     21919.01711        -6561.836288         5356.335840                
Si              12                                                      
     5.774700842         8.637260581        -6.402370393                
   -0.9031534090         2.233354598        -1.778717531                
    -37031.30587         11623.27377        -31633.90953                
Si              13                                                      
     2.618675340         1.123697101        -6.290527645                
    -4.205147516         1.143107641        -1.971585272                
    -12137.62422        -19581.84668         4559.766803                
Si              14                                                      
    -7.558606924         8.892512626       -0.4194252879                
     4.718711048         1.769042397       -0.1540451699E-01            
    -5288.373020        -11179.86106         3437.421103                
Si              15                                                      
    -7.699710810         1.189438550       -0.4707073443                
    -2.543013143         2.037512577        -4.175016473                
    -691.9676825        -7593.417303        -30780.80082                
Si              16                                                      
     2.510593605         8.687567047        -6.381724495                
    0.3399622890        -1.545561757        -2.066058264                
     17090.94656        -11093.33750        -8243.465008                
Si              17                                                      
     8.875538526       -0.6131220102        -2.489376550                
    -1.057225082         2.095104074        -4.431922282                
     21397.64116        -4083.447939        -23322.38655                
Si              18                                                      
    -1.497141955        -9.512000437        -4.546229635                
    0.9278981715E-01    -1.108390375         4.788319959                
     7437.040342         10776.86403         17531.86285                
Si              19                                                      
    -1.379539006       -0.6885577703        -4.374979435                
     2.645703500       -0.8392853397        0.5538795014                
    -32481.75851         1417.423235         10959.07876                
Si              20                                                      
     8.760205230        -9.555808788        -2.640968268                
     5.014289488         3.095826026       -0.3134720020                
     3602.821584         7186.115838         13603.54343                
Si              21                                                      
     6.441732342        -1.370456684        -4.314752095                
     1.888355820        -3.428882689         1.447202275                
    -11883.76666        -1197.141085         15794.86955                
Si              22                                                      
    -3.687422679        -8.836521899        -2.430521752                
     1.844840108         3.689280605        -4.254062688                
     25884.57000         7205.124946         6996.318782                
Si              23                                                      
    -3.859290343        -1.180776459        -2.494613224                
    0.2122205869        -1.950040956         3.675570609                
     9075.355704         8011.726361        -4890.308114                
Si              24                                                      
     6.419079041        -9.062622601        -4.550143325                
     1.029474631         4.616404189        -2.404374014                
     20054.05790         11479.31384        -6571.794796                
Si              25                                                      
     1.639960306         3.291515921        -4.275493374                
     3.898023446         4.481685583        -3.329165992                
    -5942.129787         29421.72168         8083.000247                
Si              26                                                      
    -8.578449499         6.699743754        -2.305586424                
   -0.7085898747        -1.581245069         2.241330673                
    -14542.83036        -2193.791585         9099.035415                
Si              27                                                      
    -8.539929492         3.553213755        -2.308896611                
    0.9079139033        -3.233468647         4.612369956                
    -24776.34850         417.8027402        -2693.398552                
Si              28                                                      
     1.501826782         6.462727598        -4.291524362                
     1.046655799         5.467827592         3.984320437                
    -14342.20885         2510.060599        -36253.84564                
Si              29                                                      
     3.957442720         2.411095760        -2.379459385                
    -4.378315532        -4.280458627        -1.760576014                
    -9604.530488         8001.384414         4043.670676                
Si              30                                                      
    -6.194997692         7.426843419        -4.185258365                
     1.344606338       -0.9635815498         6.685584661                
     12258.83785         11165.16089        -25271.81639                
Si              31                                                      
    -6.371086446         2.540396386        -4.359900300                
     2.069588332        0.3161874566         1.570190670                
     32843.99334         2035.812346        -11759.77201                
Si              32                                                      
     3.832881424         7.471099023        -2.503212014                
     4.702707593        -3.938413201         2.361422826                
     18576.91894        -9584.092471        -21620.02992                
Si              33                                                      
     5.721840434        -3.634183495        -6.235450204                
     5.948271497        -2.537074096         6.545125865                
    -22102.40173         6825.355672        -12829.85215                
Si              34                                                      
    -4.395490461        -6.595581768       -0.3518720435                
    -2.498749086       -0.5312697718         1.753309460                
     15443.73315        -25739.10747        -19438.35549                
Si              35                                                      
    -4.314180909        -3.616531752       -0.6132413079                
    -4.140781132        0.6723486591        -3.406671438                
    -15177.75351         21357.94042        -11552.13520                
Si              36                                                      
     5.830193434        -6.683503248        -6.420263513                
     3.137784203         3.929613444        -4.324055998                
    -5085.303362        -12592.87682         241.6044425                
Si              37                                                      
     2.498531954        -3.581505575        -6.394337544                
    -5.091153157        -1.594685194       -0.7226528156                
     19340.42101        -4005.144017         24441.00437                
Si              38                                                      
    -7.554775860        -6.701585344       -0.4552828449                
    0.3957550893       -0.1738716550         1.265823817                
     10189.37983         19042.84802         1019.707495                
Si              39                                                      
    -7.521461267        -3.589893722       -0.5273007976                
    -2.721902397        -8.807139091        -4.475553565                
     11216.23677         14809.35701         11600.45413                
Si              40                                                      
     2.670440466        -6.650544676        -6.557444283                
     3.867289927        -3.715554754         3.985757725                
     3202.460505        -33622.10665        -5005.064964                
Si              41                                                      
     8.779706343         2.529317492        -2.447946134                
     3.240605494         4.551678929       -0.1570399115                
     815.9612792         18811.02622        -11796.36282                
Si              42                                                      
    -1.484323862         7.476812767        -4.356191394                
    -5.804636379        -6.307999821       -0.6263147404                
    -19240.65374         16111.35453         11922.59784                
Si              43                                                      
    -1.316628811         2.464694733        -4.396842997                
    -6.544519934         2.419971221       -0.7177922105                
    -22681.37641        -7384.250312         13342.54715                
Si              44                                                      
     8.732335516         7.508732576        -2.636709275                
     2.552678693        0.1855286092        -2.565649807                
    -4616.348761         2749.248324         21824.97079                
Si              45                                                      
     6.330468092         3.319652510        -4.242105054                
     7.653510298        0.9058810616        -4.372752730                
     13671.49793         30867.02730        -1926.591121                
Si              46                                                      
    -3.726405949         6.542505525        -2.383088979                
    -5.526282088        -1.410374271         3.321968912                
     15393.19582        -5544.965700         5852.609764                
Si              47                                                      
    -3.762558376         3.380352059        -2.588102625                
   -0.4886367870        0.4110070843         5.152890158                
    -6185.298794         3452.254927        -10261.06898                
Si              48                                                      
     6.268598288         6.470783405        -4.335997372                
    0.8372576301         1.751999809        -2.395482612                
     13256.39554        -4832.203063         9025.255478                
Si              49                                                      
     8.704970161         1.327715818         2.402107821                
     13.06999926        0.5775468622        0.7631167023                
    -7895.292673         7289.397790        -9281.973693                
Si              50                                                      
    -1.564776270         8.761252401         4.489554412                
    -3.143594912         3.031746790         1.996382131                
    -3521.344431         12345.45614        -21070.00063                
Si              51                                                      
    -1.439575169         1.259797830         4.358845571                
   -0.6784305305       -0.5024506310         7.763858426                
     2323.855737        -2921.704309         8666.890688                
Si              52                                                      
     8.581871461         8.815024824         2.236099488                
     5.400881787        -4.355650265       -0.8380558818                
    -25799.15215         29080.59345        -16698.65285                
Si              53                                                      
     6.439648156        0.4709096729         4.316726384                
     5.233115294        -1.058350389         2.197438440                
    -19646.10750        -1184.131093         17099.28338                
Si              54                                                      
    -3.879621384         9.452648339         2.462727689                
    0.7333673245       -0.1062220082        0.7788095217                
     5666.519525         2280.908377         7430.875461                
Si              55                                                      
    -3.746968463        0.5243238341         2.461504576                
   -0.1158857624E-01    -1.543683940        -7.331034758                
    -12334.07024         2713.451663        -2513.086733                
Si              56                                                      
     6.251194984         9.463217974         4.158528395                
     4.581983274        -3.275792449         4.330306656                
    -15127.96143         6802.141650        -12485.53888                
Si              57                                                      
     4.723176781        -1.226700806        0.5187465847                
     3.221687945         1.428364933         2.350642840                
    -16656.33512        -1708.023465         9661.098143                
Si              58                                                      
    -5.729162985        -9.027645894         6.202462607                
   -0.6295039295         7.282164484         4.671610289                
     12440.82677        -7310.637975         4277.200969                
Si              59                                                      
    -5.556440626        -1.239038458         6.140329297                
    0.8755712339        -1.540815535         3.974086079                
    -2489.985828        -3475.517110        -3264.635558                
Si              60                                                      
     4.330188536        -8.634603858        0.2596000040                
    -7.564972733        -1.455973538        -5.846222830                
     13447.81626         1599.319920        -394.7563920                
Si              61                                                      
     7.891034475        -1.062594707        0.4708103964                
     4.373843491         4.454094299       -0.1314458245                
     16135.70871        -5012.121345        -5674.094687                
Si              62                                                      
    -2.543578521        -8.860680588         6.175075126                
     1.411393025        -1.506047224        -2.790166620                
     828.0043283        -39637.40049         3018.512045                
Si              63                                                      
    -2.360763154        -1.207444281         6.223603687                
     4.596785562       -0.3917969594E-01    -3.837330544                
    -21009.84857         18478.54179         3399.197586                
Si              64                                                      
     7.533732597        -8.933891800        0.2665746620                
   -0.9456186332        -1.935621622       -0.5959765347E-01            
     21315.18697        -17425.00788         26867.51349                
Si              65                                                      
     1.607961610        0.6679223354         4.345673785                
    -7.116641110        -1.783148071        -3.227371619                
    -15852.75558        -2941.235537        -4327.923232                
Si              66                                                      
    -8.789982955         9.527929741         2.415376377                
     4.930232033       -0.9462223893        0.9567485372                
     24928.81957        -16126.97213         8498.093440                
Si              67                                                      
    -8.699008660        0.5818803361         2.390310857                
    -4.531988257       -0.5646740338       -0.8110222012                
     10527.03642        -14237.43997        -9585.354686                
Si              68                                                      
     1.484928773         9.335253739         4.283815039                
     2.220423646       -0.3541455076         1.517866382                
    -5446.195195        -152.3210289        -6336.372717                
Si              69                                                      
     3.986137212         1.173547382         2.511486682                
     4.956084361         6.643878514        -2.821047075                
    -6976.692461         13112.63274        -32888.28885                
Si              70                                                      
    -6.394550673         8.724452067         4.305532057                
     3.800747421        0.4387742723        -4.679146518                
    -6313.106698         12613.98704        -13342.73531                
Si              71                                                      
    -6.270014479         1.174653209         4.212408581                
   -0.3949848524        -4.116172099        -2.751390665                
    -6438.798645         8874.033163         18064.44561                
Si              72                                                      
     3.748826332         9.106287411         2.122661143                
    -5.391827023        -5.091461670        -3.080358390                
     31032.38082        -21518.99041         30113.17334                
Si              73                                                      
     8.746309235        -3.421373609         2.381671818                
   -0.9919292003        -1.549109058        -4.890584656                
    -10611.10585        -18924.10030        -20779.04501                
Si              74                                                      
    -1.507063580        -6.650348374         4.420263654                
    0.1652795665        0.6401617961E-01    0.6669607791                
     27883.86398         18463.61211        -20614.38690                
Si              75                                                      
    -1.434122425        -3.459630031         4.246443656                
     3.385858230        -1.340972072        -3.933822747                
     12829.49198        -19392.37402         14488.90440                
Si              76                                                      
     8.473919537        -6.524721530         2.089622845                
     4.435988143         1.451438195        -1.468023983                
    -10449.91527        -7992.254743        -561.9911204                
Si              77                                                      
     6.541381781        -2.711018322         4.390158876                
     3.173833443        -5.280239046         2.294979389                
    -15082.90121        -714.7916347         21227.89707                
Si              78                                                      
    -3.863134158        -7.510933481         2.587276736                
    -3.112017894         1.133088148        -6.401069380                
     10655.61690        -2249.792358        -17016.72575                
Si              79                                                      
    -3.825981435        -2.673282635         2.335401082                
   -0.2250657503         2.819940815        -6.664088544                
    -8389.749954        -1714.534034         19792.58041                
Si              80                                                      
     6.292411957        -7.529335705         4.182755972                
    0.2580298045         2.943927124        -4.313116520                
    -10013.53444         2655.631400         8257.558487                
Si              81                                                      
     4.675246120         3.428648813        0.5149920999                
    -2.570057308        -3.333092006         3.828076369                
    -17143.65888         26914.83345         5214.118602                
Si              82                                                      
    -5.749722943         6.546764575         6.362939161                
   -0.4849998866        -3.270030293        -4.674593061                
     10969.42385        -1933.807167         28087.46274                
Si              83                                                      
    -5.720060342         3.510157802         6.219529403                
     1.669052347         7.854753210       -0.9631707696                
    -11789.40673         7436.487375         29947.03514                
Si              84                                                      
     4.519709782         6.574897620        0.3969612970                
    -5.651828486        -1.634923433       -0.3005798401                
     36752.78895         2178.712091         36310.81054                
Si              85                                                      
     7.790309612         3.462698650        0.3625569946                
   -0.7808106901        0.5366648736         2.464691400                
    -6236.733966         11706.69399        -14418.37203                
Si              86                                                      
    -2.524533196         6.457822496         6.410971163                
    0.2265351485E-01     6.001507449         2.772740986                
    -12099.93891         22635.37390         14801.24559                
Si              87                                                      
    -2.596506782         3.340828648         6.420230910                
    0.6315991678        -1.709876794         1.674182288                
     33498.10345         1739.194758        -8887.354154                
Si              88                                                      
     7.755045807         6.595473673        0.2579320504                
     3.596802852        0.2733850595E-01     1.115838913                
    -206.9285011         3186.309263         11037.01074                
Si              89                                                      
     1.547560479        -2.536660855         4.483192027                
    -4.991503463        -7.957577286       -0.8579560323                
     7306.751275         25193.99410        -33584.24867                
Si              90                                                      
    -8.854738541        -7.462785457         2.407224343                
   -0.4472373413         3.500480977         2.172297141                
    -2747.633267        -16455.38300        -15114.19276                
Si              91                                                      
    -8.617396861        -2.564019173         2.394757097                
    -4.119676444         2.370548671       -0.5686126116                
     20094.82334        -28258.30875        -15226.56721                
Si              92                                                      
     1.462490524        -7.657710374         4.260535624                
   -0.1606738367         2.680281941       -0.1077079055                
     5839.300077        -5553.727088        -5649.215079                
Si              93                                                      
     3.995456305        -3.458917036         2.668330788                
    -4.171690055        -2.643816926        -2.550011340                
    -8529.352690         10393.85346        -16672.41765                
Si              94                                                      
    -6.428223026        -6.662048903         4.257400113                
    0.1786518556        -2.609582406       -0.8774332442                
    -6844.571406        -18488.15876        -10181.47371                
Si              95                                                      
    -6.286460631        -3.599958885         4.250750834                
     1.336405551         5.397710008       -0.4041062176                
     2968.585645         17084.57994         3609.565699                
Si              96                                                      
     3.757527257        -6.611278399         2.500067152                
    0.1458645857         1.908267616         4.549646775                
    -22107.65973         11877.35802        -6112.215967                
O               97                                                      
     2.570911797        -1.251330119        -3.278867017                
   -0.2544319593E-01     1.404874639        0.1262254684                
     7940.168922         6435.647379         17701.71373                
O               98                                                      
    -7.410986959        -9.024589206        -3.443632329                
     8.701575424         12.30590635       -0.3502199636                
     13896.49115        -10169.44388        -28674.54306                
O               99                                                      
    -7.486358877        -1.241271011        -3.663545803                
     8.344839282         1.715466694         4.121347574                
     2064.141603         4035.486017        -7106.031030                
O              100                                                      
     2.610832995        -9.112157272        -3.546229144                
    -3.286615203        -4.831614440        -3.502606577                
     13369.02394        -233.7868814         16158.10746                
O              101                                                      
     4.147841411        -1.034007150       -0.9358484043                
    -7.198585758        -1.678977730         3.002929797                
    -1452.210853        -11702.04471        -8343.301125                
O              102                                                      
    -6.055121064        -9.158206808        -5.798001237                
     6.996957513         3.532673317        -2.740152235                
     1677.316507         10311.40104        -13566.06991                
O              103                                                      
    -6.032891787        -1.063607215        -5.950894153                
     2.037518589        -4.386368244         4.443276092                
     1053.288312        -7539.887648        -27130.06948                
O              104                                                      
     3.931165025        -8.946146271        -1.241122133                
    0.5713871412         4.085857270         2.587582544                
     4229.223001         4595.200901        -4566.249003                
O              105                                                      
     4.179671959        0.9537961540        -6.260986648                
     2.730157720         1.157661346        -1.973752946                
     1519.375461         6165.611229        -5432.459158                
O              106                                                      
    -5.944003670         8.913800720       -0.5873499077                
    0.5868450359        -2.357296838        -4.485134659                
    -15041.20146         2231.598921        -880.0667308                
O              107                                                      
    -6.097464373         1.189721116       -0.2786800715                
    -1.660484774        -10.50586024         2.587987795                
    -25696.78767         3690.580282        -14202.49650                
O              108                                                      
     4.135673818         8.684467434        -6.473624261                
    -2.761300343        -5.851452362        -3.031034476                
    -2049.201674         1935.615125         10241.81334                
O              109                                                      
     8.533627545       -0.8857172111        -1.016176314                
    -3.472288214         11.06053173        -1.704437774                
    -21910.84308        -9017.184579         31848.89646                
O              110                                                      
    -2.086624373        -9.056553808        -5.925174174                
    -4.549768260         4.919959384         1.268230125                
     4649.122606        -4388.920328        -1024.519728                
O              111                                                      
    -1.876777841        -1.049043765        -5.860728672                
    -1.410348775        -6.454221649         1.202087019                
     9668.697494        -6003.914041         1368.656966                
O              112                                                      
     8.123941380        -9.209231646        -1.160328978                
     8.769969554         3.251425928        -6.602215434                
     9637.406196         8379.524153        -21143.92182                
O              113                                                      
     7.788816130        -1.150866252        -3.496066755                
    -2.002715422         3.224056578        0.9614848409                
    -14869.55790         518.1293653         3422.824453                
O              114                                                      
    -2.464843861        -8.877483169        -3.446458080                
    -4.014283631        -3.195549796        -5.471695329                
    -190.4469588        -9324.668620         3185.218271                
O              115                                                      
    -2.517143530        -1.058403827        -3.330986812                
    -5.330577018         1.693537175        -1.935844210                
    -2920.048844        -4838.214461        -5384.661566                
O              116                                                      
     7.766583585        -9.124498897        -3.755261735                
     3.879204202        -6.951275166         1.428731222                
    -5416.648553         5763.614635         5929.763271                
O              117                                                      
     5.111092624        -1.234139228        -3.368409009                
     2.641175057         2.862372436         2.425071215                
     10777.72491         8733.442388         5894.442092                
O              118                                                      
    -4.937118243        -9.025772653        -3.380501865                
     3.749419384        -1.896492001        -3.406777857                
     5145.970185        -1029.227449         4901.714923                
O              119                                                      
    -5.062147920       -0.9761540868        -3.564819001                
    0.3953256167         1.752190204         4.983761600                
     23897.70739        -15151.98428         16490.30565                
O              120                                                      
     5.175414450        -9.061135429        -3.584846434                
    0.3121078422         3.162262029        -2.282296356                
    -7357.200246        -10238.93328         6758.032837                
O              121                                                      
     2.615385563         2.917480721        -3.082887387                
    -3.677755322        -4.238631159        -3.744999546                
     6857.958548         4848.250463        -5597.073551                
O              122                                                      
    -7.502175295         7.076248846        -3.415328197                
    -3.838340369        -9.066832579       -0.3410092058                
    -1775.475010        -2738.333460         16556.73094                
O              123                                                      
    -7.499902467         3.097257619        -3.435572300                
    -3.549905306         2.816037590         5.258765761                
    -14554.68862         1190.024589         4658.260840                
O              124                                                      
     2.551002374         6.897587610        -3.232676466                
   -0.7342201256         4.473164282         3.956132535                
    -2311.895684        -1250.379251         19885.72711                
O              125                                                      
     4.162908195         2.955447323       -0.9088953702                
     5.560491458        0.5047799970        -2.872970488                
    -1888.839631        -5519.790686        -1147.553560                
O              126                                                      
    -6.187600251         6.953182567        -5.715833793                
    -3.689645123         3.632514940        -1.941581524                
     7255.739130        -3243.473723        -448.4323383                
O              127                                                      
    -6.225730374         3.201495458        -5.829117353                
     5.478212936        -2.399001945         4.791680746                
    -7170.644605        -15698.20611        -8763.912420                
O              128                                                      
     4.090560679         6.997735707        -1.028036956                
    -3.068490533         2.661083924         5.357880884                
    -10845.07520        -5059.785328        -9946.523651                
O              129                                                      
     4.100864230        -3.474625087        -6.334983285                
     1.988419166        -5.072758216         2.786296076                
     8199.592564         1167.942536         1334.617797                
O              130                                                      
    -5.937162774        -6.849641494       -0.4185770682                
     3.356304718       -0.3719714137        -6.557398732                
    -25530.65027         7636.867199         2395.780566                
O              131                                                      
    -5.925114626        -3.500265002       -0.7104293453                
    -6.137449944        0.1501053637        -1.029168296                
     3265.717571        -406.0058515         4500.486533                
O              132                                                      
     4.241448598        -6.920336508        -6.572848313                
    -4.751463277         4.965872407        -3.579275719                
     6554.305513         14258.42362         21085.93449                
O              133                                                      
     8.188284344         3.008250606        -1.088189719                
    -1.318008011        -5.088716896         4.878827311                
     10755.97722        -11599.35292         13189.92401                
O              134                                                      
    -2.000277825         7.016849771        -5.752283190                
    -1.019727759        -1.854838693        -2.692674093                
    -10715.60626        -11199.73112        -15486.29061                
O              135                                                      
    -1.852508359         2.840965275        -5.846287389                
    -6.358908710         5.224556581        0.9759873469                
    -8815.623496        -1716.812834        -104.4708766                
O              136                                                      
     8.329503160         7.017586242        -1.148749776                
     1.853548560        0.1403721110         5.653879541                
    -715.4393445         2670.827758        -4699.916641                
O              137                                                      
     7.674784161         3.018186358        -3.478342354                
   -0.4424773022         3.125282468       -0.4868325975E-01            
     4489.651381        -11605.91353        -9389.166955                
O              138                                                      
    -2.477098733         7.022593430        -3.176843988                
    -1.439832613        -1.068202911        -11.71822454                
     14210.70983        -256.1976037        -17111.39249                
O              139                                                      
    -2.419040051         2.945520662        -3.344843925                
    -5.141282420        -5.361560590         1.529292250                
    -8667.310284         5219.506502        -916.0661563                
O              140                                                      
     7.604855261         6.936134408        -3.523248899                
     2.059146241        0.8513217432         1.651419326                
    -9769.377484        -13724.76717        -24000.50477                
O              141                                                      
     5.202533334         2.960612486        -3.235390650                
   -0.3143527328        -7.111785258        -3.140006261                
    -22313.91860        -13853.57724         5511.787720                
O              142                                                      
    -4.940467528         6.844393686        -3.327054004                
    -1.036919650         2.132747719        0.4735502161                
    -28448.49691         15576.47597        -8889.932446                
O              143                                                      
    -5.019996380         2.962687648        -3.554516103                
     3.405865007        -1.781476804         1.876449500                
     2559.140659         2563.026119         5881.010591                
O              144                                                      
     5.080131804         6.926577879        -3.436502148                
    0.1583966010         4.118936706        -2.059086534                
    -19429.86096         4163.671063         16225.09447                
O              145                                                      
     3.816607799        0.8327328354        -2.477713091                
     6.111776558         1.798664623        -5.948692819                
     10069.37710         4772.229806         260.7459293                
O              146                                                      
    -6.126499372         9.052882465        -4.260167941                
    -1.288867096         1.283634340         7.184767992                
     1643.079192        -7332.671064         12128.26613                
O              147                                                      
    -6.384893268        0.9208030852        -4.483845940                
     2.645682857        -4.454864574        -3.105096311                
    -6638.374054         19385.77451        -2864.725215                
O              148                                                      
     3.834082120         9.016775067        -2.607583973                
     6.907010058         2.632398242        -5.625739827                
     4733.369071         34225.77978        -867.4245617                
O              149                                                      
     8.914263997        0.9684905107        -2.543428365                
     4.884002747         4.186350662       -0.5166715482                
    -5465.967501        -3446.222456        -3248.854262                
O              150                                                      
    -1.519179846         9.089446018        -4.374365851                
    -1.016494984         3.244534593        0.9913683478                
     2387.412494        -5234.737418        -2831.264560                
O              151                                                      
    -1.288824608        0.8696326668        -4.260554946                
     4.689309142        -5.222172219        -1.371467499                
     6301.357586         11783.66653        -11882.84568                
O              152                                                      
     8.607227741         9.072049710        -2.781259966                
     9.462709164         5.877604560         7.894641354                
     12519.75474        -6080.187381         5496.112857                
O              153                                                      
     1.871266407        -2.646741182        -5.300880982                
    -4.960441431       -0.3434324659        -1.862528943                
    -3619.730578         4078.188784         3174.413199                
O              154                                                      
    -8.115027917        -7.647922828        -1.548853446                
    -6.413533277         11.27507888        0.3161242756                
    -7253.406412         2274.970649         7157.029046                
O              155                                                      
    -8.158730991        -2.525182375        -1.486420877                
     7.138690926        -10.56536466        -5.752844207                
    -1412.295034         1771.349719        -6023.723996                
O              156                                                      
     1.992545532        -7.638611073        -5.516576977                
   -0.5239381556E-02     4.811024351         1.271065848                
    -916.3871290        -3237.508795         6508.985200                
O              157                                                      
     1.978042996       -0.1043173668        -5.456424918                
     1.313654372        -2.809266190       -0.6711473881                
    -5360.988253        -4281.198463         10034.01663                
O              158                                                      
    -8.103106718         10.05699532        -1.367531899                
    -5.426161683        0.8952127627         3.034914005                
     5587.797444        -11147.35391         6169.669665                
O              159                                                      
    -8.100410310        0.1698294636E-01    -1.538126361                
    -1.015733427        -4.356975520       -0.5658684836                
     3948.148991         1431.678585         6289.191363                
O              160                                                      
     1.998912753         9.994416552        -5.639800940                
   -0.3439274410        0.8348024533         2.631268157                
     2635.693146        -9733.508872         3798.280305                
O              161                                                      
     2.192564277         2.386585672        -5.421967106                
    -2.768598290        -3.987835581       -0.9461354364                
     1478.536333        -6235.061456        -11619.58529                
O              162                                                      
    -8.238302913         7.540939747       -0.9966393440                
     6.472205170         4.123515405        -1.081026700                
     24318.35325         12102.02979        -16468.30476                
O              163                                                      
    -8.244259075         2.530505642        -1.151097621                
     3.414361415         4.319070650         2.702870044                
     17619.24820        -3398.290791         3965.699479                
O              164                                                      
     2.062342584         7.422674842        -5.488174518                
     1.255680454         2.653111877       -0.8801165066                
    -7953.870100         4518.552744        -314.0968524                
O              165                                                      
     6.241456536        -2.729729889        -5.086638586                
     2.097823045        -3.660411333        -3.460288373                
     8127.700174         13803.58898        -3847.727480                
O              166                                                      
    -3.808611861        -7.619840516        -1.434691503                
    -2.515612536        -3.257854545       -0.5997557918                
    -5876.059292         1017.049571         507.1028208                
O              167                                                      
    -3.811621639        -2.505115219        -1.620405120                
   -0.8837413129         1.670459752        -2.162447839                
    -8317.995811        -3140.274247        -3164.147756                
O              168                                                      
     6.438913720        -7.706378774        -5.363170450                
    0.4841977584E-01    0.9197652924         5.049657053                
    -17721.04570         848.7954014        -12323.56370                
O              169                                                      
     6.298489168       -0.1530166143        -5.317632151                
    -1.706621098         6.324758720         7.705902334                
    -3755.630699         4252.713773        -7158.523096                
O              170                                                      
    -3.677698912         10.08237493        -1.423857502                
     1.294342259         5.073644879        -7.173107520                
    -25683.89154        -2720.213944        -264.9506269                
O              171                                                      
    -4.076241295        0.8624023161E-02    -1.464983774                
    -4.838663337         1.657462679        -4.103391125                
    -8558.133134         3748.064503         2898.146769                
O              172                                                      
     6.239816640         9.840654211        -5.483160165                
    -2.175808748        -6.226858727         12.99747013                
    -1720.756759         2173.620717        -2409.164416                
O              173                                                      
     6.072300919         2.389824925        -5.479615299                
    0.2295811843E-01    -6.447148381         1.381184286                
     5624.809805        -9010.442110        -2406.126674                
O              174                                                      
    -3.863439888         7.558065374        -1.172248935                
     5.178098119         6.064041960        -5.085369333                
    -13380.14164        -8711.348923        -8462.112021                
O              175                                                      
    -4.137404574         2.508116404        -1.312098770                
    0.4016956983        0.1709249669         8.100349688                
     4573.075271        -2901.090181         550.9279683                
O              176                                                      
     6.096476234         7.336264375        -5.644399068                
     5.158810185         3.810283329         7.618305022                
     14915.24656        -5891.508126         4386.273104                
O              177                                                      
    -9.979919825        -1.185810280        -2.777228546                
    -2.167251381       -0.5586856658E-01     1.890450158                
    -10862.38658         7724.702671         5223.827241                
O              178                                                      
    0.6457574364E-01    -9.120076652        -4.448419612                
    -5.273638564        -3.065893201        -1.024511575                
    -12294.67772         6.090333034         312.7505787                
O              179                                                      
    0.5050422412E-01    -1.225890288        -4.126124381                
     4.809528449         5.010417706        -2.354791008                
    -1956.069983        -447.3377236        -4384.851230                
O              180                                                      
    -10.01878164        -9.108420014        -2.718447325                
     3.263704396        0.8724936059         2.540855521                
    -2007.104503        -1589.823558         7348.118027                
O              181                                                      
    -10.11397814         3.189038277        -2.559021336                
    -6.371603198        -3.180995120        -1.950739451                
     19579.19853         1331.359577        -5134.232127                
O              182                                                      
   -0.7297161513E-01     6.892129906        -4.232714503                
     8.027926920         5.765464385       -0.3760054383                
     37979.86259        -4604.122695         12795.82416                
O              183                                                      
    0.1019016787         3.007463773        -4.145425581                
    -2.429361418         2.970307568        -1.036932697                
     10625.35866        -10061.69559        -1523.408945                
O              184                                                      
    -10.04047990         7.186679130        -2.677643008                
    -6.684309650       -0.3206613323        -2.146767405                
     1306.283443        -12407.42390        -9135.591735                
O              185                                                      
     1.561070244         4.890342745        -4.482432194                
     1.088551710         4.905204715         3.041441059                
     13373.40134        -3438.497793         8390.327023                
O              186                                                      
    -8.484067353         5.124432610        -2.134068759                
     9.115092119        -1.539310963         1.076619095                
     1236.527123        -1971.937240        -4680.986384                
O              187                                                      
     6.312134400         4.906718755        -4.507968936                
     2.622829306       -0.8269738274E-01    0.8706109289                
    -2738.926610        -8034.271365        -342.1246390                
O              188                                                      
    -3.687915582         4.968781087        -2.318574584                
    -5.246969625        -1.827379260        -1.326567677                
    -4402.461663        -16069.43773         5297.907073                
O              189                                                      
     5.939444204        -5.149096975        -6.094715536                
     1.120273972        -3.566294834         1.420758059                
     6110.250573        -14831.48331        -519.1145398                
O              190                                                      
    -4.062831695        -5.131439410       -0.7507295823                
    -2.639318493         1.445026022         2.764128612                
     1600.628588         2956.283638         3466.696557                
O              191                                                      
     2.361530225        -5.153877110        -6.291406098                
    -2.481890982         5.176530452         5.856959619                
    -1994.823497         10053.33857        -3592.537075                
O              192                                                      
    -7.761828882        -5.101507286       -0.7239777176                
    -2.413127580        -4.969403794         4.123655243                
    -3139.866243        -29820.06118         7111.685331                
O              193                                                      
     7.587680307         1.109333105         3.515981726                
    -1.058617548       -0.6273985437        -5.759019299                
     27809.34065         1974.858354        -2965.985265                
O              194                                                      
    -2.638579059         8.905380053         3.273699008                
     1.120820578         7.934976125         5.691909374                
     6587.128630        -1069.761990         7487.171519                
O              195                                                      
    -2.419683475        0.9817203191         3.167483972                
     2.352756495         2.317721289        -3.047317921                
    -578.3915699        -902.6139856        -6240.229028                
O              196                                                      
     7.501357758         8.965441328         3.352324973                
    -6.884110644       -0.6697068302        -8.161983595                
     7769.112482        -4334.927858         14473.76704                
O              197                                                      
     6.257940405        0.8681123281         5.850810816                
     2.680425264       -0.4260355373        -1.032849805                
     1523.920339         2128.062782        -3777.104694                
O              198                                                      
    -4.010985868         8.979915339        0.9690106663                
    0.2937820071        -2.567434230         7.040571650                
     538.7736664         11486.06172         9120.975211                
O              199                                                      
    -4.020679069        0.9258638382        0.9627169836                
    -2.307261066        -8.862191018        0.8782621298E-02            
     6810.748549         10447.31786        -906.3453313                
O              200                                                      
     6.110236131         8.911477284         5.629211808                
    0.9717851361         2.684601516         2.292794074                
     9492.289456        -2675.885846         13088.56050                
O              201                                                      
     6.303530041        -1.113809273        0.3847641180                
    0.4743852948         8.865889930         2.394038251                
     5548.325890         1584.642548         2438.552291                
O              202                                                      
    -4.104919693        -8.954364344         6.096776379                
   -0.4825175389        -2.680830361         2.895293228                
    -18025.06136         1599.450800         6206.967497                
O              203                                                      
    -3.978481777        -1.124324311         6.195990759                
   -0.6894683906         7.858763342         1.356126368                
     5628.983464        -11148.84109        -1239.244334                
O              204                                                      
     5.960557406        -8.892196989        0.2541904170                
   -0.4228481740         6.195866009        -7.355680878                
    -15828.53392         15318.55836        -3385.117361                
O              205                                                      
     2.107581991         1.025204372         5.784610903                
    -6.555176582        -3.048502616        -8.122683010                
     4574.081003         11079.60646         15114.63478                
O              206                                                      
    -8.092617497         9.103568497         1.031538108                
    -5.446941177         3.147945935         1.432115836                
    -1815.556618         12395.30284         3434.814380                
O              207                                                      
    -8.321301701        0.9006398985        0.8857763196                
     3.894231859         8.760487240        -5.922579990                
    -302.8402855        -2306.768845         20852.71167                
O              208                                                      
     1.943289135         8.803091027         5.710753680                
   -0.6691690550       -0.1229571717        -1.553551415                
     734.2064920        -207.9007297         1212.673877                
O              209                                                      
     2.664052034         1.094468809         3.283853518                
    -4.265711147        -1.398915101       -0.6956429302                
    -5415.733332        -6572.943882         8807.527940                
O              210                                                      
    -7.764412709         8.889304345         3.487598698                
    0.1281569349        -2.299311456        -3.043124342                
     6671.392355         6418.732391         2276.273816                
O              211                                                      
    -7.607332866         1.092540275         3.365042656                
     3.175085014         3.591912722         4.368396592                
     14794.38053        -5057.255958         3971.651298                
O              212                                                      
     2.546139341         9.102369874         3.107436843                
     5.920335341        -4.652303043        -2.299720017                
    -19162.41579         38.42507058         6680.510897                
O              213                                                      
     5.155683102        0.9401046800         3.494183102                
    -1.193999629         2.455005342         4.247591462                
     10937.34467        -5708.650112         9686.610237                
O              214                                                      
    -5.183961851         9.050955863         3.265983072                
    -3.317004255        -9.726815398        -1.710919163                
    -11279.29810        -11709.93012         10580.04873                
O              215                                                      
    -4.988829115         1.040221626         3.372434749                
    -4.635839158        -6.356286052         7.655548555                
     16730.63245        -3531.177885        -23933.95928                
O              216                                                      
     5.017271899         9.261571916         3.183643953                
    -1.190181475         1.488684046         5.442393086                
    -13291.27864        -7755.108171        -7641.225371                
O              217                                                      
     7.825500759        -3.144345455         3.614935723                
   -0.7649036970        -5.209681013         3.784261981                
    -1589.613722         535.5438574         1254.927986                
O              218                                                      
    -2.533485491        -7.068124481         3.314602877                
    -4.350571369         1.589664091         1.306437217                
    -11835.14171         3170.035258         1006.451297                
O              219                                                      
    -2.488896373        -3.137492347         3.150199013                
    -1.545041114        -7.127275962       -0.9175918029                
    -13080.06332         8761.713347        -19340.26658                
O              220                                                      
     7.421663337        -6.847392282         3.253096895                
    -3.386802690        0.8421473847        -3.819539392                
    -6576.625097        -8658.080252         7070.685220                
O              221                                                      
     6.274128386        -3.197731183         5.909005283                
     1.139114790        0.4911148987        -1.895777900                
     5739.521704         4570.219802        -7039.965764                
O              222                                                      
    -4.013507852        -6.915299849         1.117286782                
     4.803263961        -9.696008702        -2.616557840                
     5824.714390        -5112.954070         8063.121899                
O              223                                                      
    -3.994869757        -3.205981932        0.8705339338                
    -8.650530283         2.024816363        -1.778894179                
     11515.56098         5677.620744         5156.316196                
O              224                                                      
     6.271377080        -7.025158107         5.707146528                
     3.047032673         7.452827347         3.941531567                
     13703.40050        -630.0775063        -14650.36950                
O              225                                                      
     6.230275243         3.300175875        0.4153772699                
     2.806117910         10.44120407        -1.093387197                
    -6908.020261        -10047.46980         12574.55783                
O              226                                                      
    -4.154501581         6.552999093         6.365722080                
    -3.031059795        -1.960558901         3.243259625                
     16728.00153         4387.061418         374.5059831                
O              227                                                      
    -4.159749208         3.351383889         6.417094723                
   -0.2708989343        0.2700194727        -1.464314735                
     4330.531993        -8562.557049        -11660.48014                
O              228                                                      
     6.197308618         6.799380705        0.4073482806                
    -5.575914682         3.034298100         3.011999987                
    -27569.96477        -9482.371795        -9012.008605                
O              229                                                      
     1.980928667        -3.058959458         5.838941564                
    -2.779824493        -5.677052375        0.9766421410                
     840.5564878        -3541.868787         12108.29405                
O              230                                                      
    -8.176644587        -7.051470775        0.9639780592                
     6.714176987         4.428484808        -3.055744255                
    -4757.137009        -3227.285147         11040.95612                
O              231                                                      
    -7.951101022        -3.175956503        0.9740811807                
     3.169248041        0.4903523054         4.764385356                
    -15948.71105         13012.01469         11619.49921                
O              232                                                      
     2.191581086        -7.110684423         5.593046658                
     1.308925390         1.361295495        0.3771046983                
    -18658.25365         5229.143616        -10663.53344                
O              233                                                      
     2.700300172        -2.997726938         3.489428838                
    -9.473802325        -14.12846966        -4.077285851                
     6380.352719         2752.452788        -5122.168536                
O              234                                                      
    -7.887681534        -6.961053892         3.521614813                
    -2.537146253        0.9059865100         4.837862880                
     29519.66250         10000.46468         4309.468845                
O              235                                                      
    -7.587138303        -3.042246641         3.494423386                
     4.104593971         3.630910011        -2.614860313                
     7162.826568        -8023.075950         2833.400799                
O              236                                                      
     2.350714491        -7.142555140         3.033652804                
     10.66123126        -4.098528166        -1.400274086                
     12130.67421         2773.339971         15497.72150                
O              237                                                      
     5.296173355        -3.166879244         3.507152656                
   -0.7480809916         8.523915834        -3.435486702                
     5647.117813         236.3674848         7505.261293                
O              238                                                      
    -5.102951556        -6.912530282         3.341362322                
   -0.5860565648        -5.966521167        -5.001099750                
    -20331.05029        -4318.183282         9748.187689                
O              239                                                      
    -5.083429257        -3.249662172         3.201293864                
   -0.5468768935         4.674519150         2.651323517                
     2926.859731         4208.866871         10513.90629                
O              240                                                      
     4.857979600        -7.127231383         3.538374711                
    -2.324954896         2.387853172        0.5029979167                
     13734.95218         6210.362444        -18894.50840                
O              241                                                      
     6.521348016        -1.120346826         4.363949083                
    -1.934083398        -1.812687296         2.931617867                
     3786.092313         4919.710290        -3254.529420                
O              242                                                      
    -3.842069893        -9.108323721         2.458487947                
    0.9916166754        -4.442112789         5.049632603                
    -5510.723888         1803.228724         3011.639613                
O              243                                                      
    -3.837366058        -1.051923236         2.421593037                
   -0.8639435699E-01     2.565895857         2.278958898                
     4455.205252        -21157.65898         683.8492088                
O              244                                                      
     6.375057891        -9.109183260         4.193362271                
    0.9821505496        -6.069441239         5.729793751                
     6230.677925         6086.167539         5333.513506                
O              245                                                      
     1.495562455       -0.9109817885         4.409528665                
    0.7459486410        0.2344586332        -4.161953385                
     2784.946095        -13393.16638        -2124.377758                
O              246                                                      
    -8.813242733        -9.082819129         2.522910001                
     4.394266140        -10.03583632        -12.75696487                
     2272.022764         18297.28759        -5279.853561                
O              247                                                      
    -8.757884357        -1.029802401         2.453817870                
     4.183463293         8.548732349        -9.061686104                
     6622.176011         21311.14935        -2145.155695                
O              248                                                      
     1.396090771        -9.237104107         4.334222856                
    -10.51011819         2.785325310        0.1880362971                
     5048.658542        -5141.189204        -1452.128457                
O              249                                                      
     8.406544723         2.572318750         1.481194235                
     4.790141933         2.110417641         2.187939953                
     1651.941095        -2571.844170         8829.865433                
O              250                                                      
    -1.950279826         7.544740585         5.382416110                
    -1.910816011        -4.771854142        0.5814527028                
    -2445.957012        -22114.60581         2194.707162                
O              251                                                      
    -1.912105722         2.490626710         5.176816920                
    -7.469318641        0.9654136394E-01     3.731754859                
    -14759.49159         21412.03830         20252.68430                
O              252                                                      
     8.349589296         7.567775705         1.404228382                
     9.896009470         4.257520798       -0.9558279127                
    -2912.439487        -33703.91838        -20681.09425                
O              253                                                      
     8.380032559        0.1102794591         1.440888938                
    0.6412280434         2.266770246        -1.386210818                
    -9759.576758        -7838.648181        -7931.038454                
O              254                                                      
    -1.913752313         10.06741257         5.319843487                
    -9.308292140       -0.4348795855         1.270952923                
    -6159.318908         8478.086474         9460.343030                
O              255                                                      
    -1.910296246        0.9413794286E-01     5.407558530                
    -4.535067133        -3.220538814       -0.6090101642                
     16845.72328        -8948.887572        -10420.16339                
O              256                                                      
     8.195346517         10.05297920         1.232399145                
     2.176256000        -7.703801767        -2.354376607                
    -13958.29565         12898.38872        -7947.539140                
O              257                                                      
     8.356612387        -2.375750943         1.249794357                
    -4.275943489        -6.968768450        -7.449250241                
    -7626.131408         6542.433903        -679.1121325                
O              258                                                      
    -2.003133560        -7.595940498         5.541750118                
     9.101148909        -1.100024864       -0.5175930941                
     129.6384587         22315.16881         1748.212960                
O              259                                                      
    -1.934904280        -2.499208595         5.416582744                
    0.6084326170       -0.6031557352         1.262168407                
     4438.404800         5592.959235         2440.109657                
O              260                                                      
     8.002564832        -7.543725838        0.9881653878                
     4.302276803       -0.4659959171         4.785662882                
    -8870.305816        -9513.639716        -14280.37012                
O              261                                                      
     4.072327261         2.549401458         1.665732442                
   -0.7635761372        -1.086542890        -6.745537333                
     14131.37231        -21305.99686         757.2753723                
O              262                                                      
    -6.219389329         7.486574851         5.268528690                
     5.313096931        -3.631647473         1.688751826                
    -8357.610316         17239.12222        -23048.39825                
O              263                                                      
    -6.160007641         2.458867315         5.140991241                
     10.60834123        -5.777283659         5.086160780                
    -3484.200645         3959.225031         1710.326980                
O              264                                                      
     3.934914724         7.679237373         1.381076338                
     3.044044980         8.987554579         1.145770432                
    -2157.581159         11336.54259        -8381.614407                
O              265                                                      
     4.198229617       -0.2821294440E-01     1.449675516                
    -2.201115222        0.9894316273         7.558084665                
     7887.796126         5480.143193         2981.651494                
O              266                                                      
    -6.213600308         9.906877881         5.353211640                
     1.832583219        -4.049635784        -13.64818415                
    -1167.229261         706.9374355         4025.933064                
O              267                                                      
    -6.093320083       -0.5969388689E-01     5.186799573                
     2.714949797         4.169955892        -4.794912559                
    -2910.750966        -13725.61603         8361.819567                
O              268                                                      
     3.887269519        -9.809656517         1.212502044                
    -3.267775884        0.9384953982E-02    -2.566867117                
    -10719.93151         917.0452515        -10972.99520                
O              269                                                      
     4.295763214        -2.525131545         1.359865772                
     1.647514909        -1.488519714        -4.887063772                
    -1109.454785         575.0736573         5648.279113                
O              270                                                      
    -6.171651952        -7.795190824         5.309946638                
    -4.934037045        -6.306865437         3.292322540                
    -8164.161293         7868.869723         15413.74173                
O              271                                                      
    -6.010938807        -2.656639386         5.532177044                
     1.969429892        0.4955802497        -4.352323300                
     6017.909942         8715.070149        -18382.04460                
O              272                                                      
     3.937895242        -7.283452908         1.064118585                
    -1.168326872         4.895768432       -0.5982325191                
     18458.00902        -19709.32633        -321.2133712                
O              273                                                      
    0.1319332920         1.183573722         4.086707254                
    -2.283182767         3.539243013         1.237100283                
    -11081.10965        -4272.906242         9154.156160                
O              274                                                      
     10.06118105         9.052843120         2.508370590                
    -3.100334457        0.5498912096        -4.321827520                
     15141.80144        -2661.043004         11272.95538                
O              275                                                      
    -10.07462692         1.160603972         2.618645647                
    -2.596078014        -7.228242656         2.440673329                
    -27361.94110         7225.964496         17085.70013                
O              276                                                      
   -0.3012417950E-01     8.818096582         4.081205396                
   -0.4401038312         8.687032094         1.714618007                
     4981.200043         2672.965179         8437.075675                
O              277                                                      
    0.1287710640        -3.064473892         4.201311211                
    0.8588143654         2.825636589        -2.362030330                
    -27697.07042        -2507.636395        -9212.695619                
O              278                                                      
     9.957463579        -6.991680409         2.339525858                
    -2.093657907        0.1972022187E-01    -6.879568255                
     12281.58168         6439.732021         8289.405167                
O              279                                                      
    -10.07503153        -3.133586785         2.565315965                
    -5.221798315         2.151395578         7.060029376                
     14969.62691        -1096.893719         1196.672961                
O              280                                                      
   -0.4419518007E-02    -7.127812858         4.165991930                
    0.7097560589        -2.453764715        -6.883616933                
    -8376.344321         8882.063983         9895.471450                
O              281                                                      
     8.497242950        -4.962709166         1.957081667                
    -1.302070826        -2.526550909         1.371173309                
     6199.700058         12584.94270         6703.000803                
O              282                                                      
    -1.462972157        -5.046202945         4.494738507                
    -5.367012921        -3.449092775         6.887321131                
    -6244.412200        -1046.733919         1009.057155                
O              283                                                      
     3.824338763        -4.995030962         2.449296471                
    -2.501204380        -1.022793262        0.3179101499                
     5743.732838        -18495.70578         1407.543242                
O              284                                                      
    -6.389957350        -5.142777281         4.570768548                
    -2.902576182        -1.066559733         5.054337217                
    -797.8728794         9391.510069        -6584.950870                
O              285                                                      
     4.410175890         5.015208565        0.7234936245                
    -2.785505797        -5.043746519         4.794952439                
    -2063.887352         27.40623615        -16844.48232                
O              286                                                      
    -6.004726252         5.063042213         6.020953446                
    0.9073639189        -8.035449691        -1.794144527                
    -6086.125523        -26755.42809        -1125.511620                
O              287                                                      
     7.944370501         5.007199739        0.4133769259                
     1.826085751       -0.6884503782        -4.096157304                
     9600.594423         18091.24857         6327.836477                
O              288                                                      
    -2.286450725         4.919918275         6.360996674                
     2.124524064         2.279902552        -1.085605229                
    -1025.701635        -9341.502220        -10519.21495                
C              289                                                      
    -1.038270891         5.824820043         2.290946895                
    -1.264149404         4.214485866         1.130160480                
    -95.86503534         21.47208680         191.8612930                
C              290                                                      
   -0.2211264896         4.748034967         2.655258143                
    -1.028861092         4.343523476        0.9838055332                
    -121.4413521        -75.64767319         103.7584162                
C              291                                                      
    0.5438984068         4.090121535         1.684749606                
    0.6461264965         5.920001090         1.235448253                
    -14.95769748        -55.53011812        -16.58752658                
C              292                                                      
    0.4917789029         4.508993177        0.3499298199                
     2.085825775         7.367441095         1.633445920                
     127.9500770         18.38845849        -131.2038420                
C              293                                                      
   -0.3253654995         5.585778255       -0.1438142837E-01            
     1.850537462         7.238403483         1.779800866                
     41.73832899        -7.669811440        -177.1294916                
C              294                                                      
    -1.090390396         6.243691687        0.9561271084                
    0.1755498739         5.661925870         1.528158146                
    -15.44323559        -42.39738013        -22.87146319                
H              295                                                      
    -1.628432954         6.332353263         3.039624910                
    -2.556282688         2.998345991        0.9360360955                
     33.73313808        -275.1658459        -476.9494390                
H              296                                                      
   -0.1809128448         4.424893077         3.684990280                
    -2.139496184         3.226916026        0.6767742718                
     10.84600258        -58.54279491         139.2125777                
H              297                                                      
     1.174274116         3.259446424         1.965803728                
    0.8276246886         6.019533515         1.122541376                
     271.6833560        -162.9225903         134.3851040                
H              298                                                      
     1.081940966         4.001459958       -0.3987481946                
     3.377959058         8.583580969         1.827570304                
     100.4580346        -124.9891812        -62.65234771                
H              299                                                      
   -0.3655791435         5.908920144        -1.044113565                
     2.961172555         8.355010933         2.086832127                
    -189.4746529         53.07820316        -90.77319213                
H              300                                                      
    -1.720766104         7.074366797        0.6750729864                
   -0.5948316914E-02     5.562393446         1.641065024                
    -266.9895379         236.6815451        0.7049623011                
