Diffusion in Zeolites. ZSM5 (Silicate) Crystal Structure, Si(96)O(192) +
 ENERGY UNITS = kjoule/mol
         0  0.000000E+00        41
 -1.199327E+06  3.000000E+02 -1.200408E+06  2.802776E+05 -1.480686E+06
  0.000000E+00  2.839514E-03  0.000000E+00  0.000000E+00 -1.193748E+06
  3.000000E+02 -1.458131E+04 -1.494040E+06  1.479799E+06  0.000000E+00
 -2.761775E-02  0.000000E+00  0.000000E+00  5.568179E+03  0.000000E+00
  0.000000E+00  0.000000E+00  9.000000E+01  9.000000E+01  9.000000E+01
  0.000000E+00  1.641954E+01  0.000000E+00  0.000000E+00  0.000000E+00
  0.000000E+00  0.000000E+00  1.655946E+01  4.415434E+00 -6.039959E+00
  4.415434E+00  1.420330E+01  5.079051E+00 -6.039959E+00  5.079051E+00
  1.849587E+01
        10  1.000000E-02        41
 -1.199334E+06  6.965935E+02 -1.201845E+06  2.869669E+05 -1.488812E+06
  0.000000E+00  3.567848E-03  0.000000E+00  0.000000E+00 -1.185963E+06
  3.840367E+02 -3.510028E+04 -1.522747E+06  1.487928E+06  0.000000E+00
 -3.455024E-02  0.000000E+00  0.000000E+00  5.568179E+03  0.000000E+00
  0.000000E+00  0.000000E+00  9.000000E+01  9.000000E+01  9.000000E+01
  0.000000E+00  3.935274E+01  1.163011E-01  3.776490E-03  7.598530E-03
  2.107010E-03  4.152440E-03  3.490371E+01  2.715919E+00 -2.428484E-01
  2.715919E+00  4.241269E+01  4.657853E+00 -2.428484E-01  4.657853E+00
  4.074183E+01
        20  2.000000E-02        41
 -1.199335E+06  7.915761E+02 -1.202190E+06  2.928862E+05 -1.495076E+06
  0.000000E+00  3.952892E-03  0.000000E+00  0.000000E+00 -1.179163E+06
  4.366597E+02 -5.482400E+04 -1.548748E+06  1.494208E+06  0.000000E+00
 -3.819009E-02  0.000000E+00  0.000000E+00  5.568179E+03  0.000000E+00
  0.000000E+00  0.000000E+00  9.000000E+01  9.000000E+01  9.000000E+01
  0.000000E+00  5.937347E+01  9.330903E-01  9.901970E-03  2.971299E-02
  9.829575E-03  1.868455E-02  5.893758E+01  1.440329E+00  1.978149E-01
  1.440329E+00  6.606138E+01 -1.931819E+00  1.978149E-01 -1.931819E+00
  5.312144E+01
        30  3.000000E-02        41
 -1.199334E+06  6.774570E+02 -1.201778E+06  2.958449E+05 -1.497623E+06
  0.000000E+00  4.521240E-03  0.000000E+00  0.000000E+00 -1.176188E+06
  4.862531E+02 -6.457331E+04 -1.561089E+06  1.496764E+06  0.000000E+00
 -4.369937E-02  0.000000E+00  0.000000E+00  5.568179E+03  0.000000E+00
  0.000000E+00  0.000000E+00  9.000000E+01  9.000000E+01  9.000000E+01
  0.000000E+00  6.812990E+01  2.424048E+00  1.492887E-02  5.732453E-02
  2.564758E-02  4.676363E-02  7.709037E+01 -3.110245E-01 -1.407442E+00
 -3.110245E-01  6.758939E+01  7.624073E-02 -1.407442E+00  7.624073E-02
  5.970993E+01
        40  4.000000E-02        41
 -1.199334E+06  6.920849E+02 -1.201833E+06  2.953190E+05 -1.497152E+06
  0.000000E+00  5.358523E-03  0.000000E+00  0.000000E+00 -1.176747E+06
  4.934537E+02 -6.279658E+04 -1.558904E+06  1.496286E+06  0.000000E+00
 -5.172427E-02  0.000000E+00  0.000000E+00  5.568179E+03  0.000000E+00
  0.000000E+00  0.000000E+00  9.000000E+01  9.000000E+01  9.000000E+01
  0.000000E+00  6.649008E+01  4.506714E+00  1.866491E-02  8.041173E-02
  5.081184E-02  8.943266E-02  5.972895E+01 -2.725691E+00 -4.674873E+00
 -2.725691E+00  6.193294E+01  3.937548E+00 -4.674873E+00  3.937548E+00
  7.780834E+01
        50  5.000000E-02        41
 -1.199334E+06  7.061259E+02 -1.201886E+06  2.910816E+05 -1.492968E+06
  0.000000E+00  3.505515E-03  0.000000E+00  0.000000E+00 -1.181365E+06
  4.986103E+02 -4.885178E+04 -1.540735E+06  1.492093E+06  0.000000E+00
 -3.394283E-02  0.000000E+00  0.000000E+00  5.568179E+03  0.000000E+00
  0.000000E+00  0.000000E+00  9.000000E+01  9.000000E+01  9.000000E+01
  0.000000E+00  5.290849E+01  7.355118E+00  2.581084E-02  9.099912E-02
  8.416662E-02  1.442434E-01  4.506174E+01 -1.808149E+00 -4.533544E+00
 -1.808149E+00  6.067574E+01 -3.182216E+00 -4.533544E+00 -3.182216E+00
  5.298799E+01
        60  6.000000E-02        41
 -1.199333E+06  6.487362E+02 -1.201682E+06  2.881847E+05 -1.489867E+06
  0.000000E+00  3.373001E-03  0.000000E+00  0.000000E+00 -1.184779E+06
  6.458219E+02 -3.903358E+04 -1.527724E+06  1.488985E+06  0.000000E+00
 -3.267861E-02  0.000000E+00  0.000000E+00  5.568179E+03  0.000000E+00
  0.000000E+00  0.000000E+00  9.000000E+01  9.000000E+01  9.000000E+01
  0.000000E+00  4.286671E+01  1.069825E+01  3.290006E-02  1.002849E-01
  1.228600E-01  2.075218E-01  4.581143E+01  2.177867E+00  5.376185E-01
  2.177867E+00  5.245623E+01 -5.585958E+00  5.376185E-01 -5.585958E+00
  3.033246E+01
        70  7.000000E-02        41
 -1.199333E+06  6.204839E+02 -1.201584E+06  2.876803E+05 -1.489264E+06
  0.000000E+00  3.523900E-03  0.000000E+00  0.000000E+00 -1.185334E+06
  1.255346E+03 -3.759918E+04 -1.525635E+06  1.488384E+06  0.000000E+00
 -3.407896E-02  0.000000E+00  0.000000E+00  5.568179E+03  0.000000E+00
  0.000000E+00  0.000000E+00  9.000000E+01  9.000000E+01  9.000000E+01
  0.000000E+00  4.124475E+01  1.444217E+01  4.119406E-02  1.046967E-01
  1.626786E-01  2.776634E-01  3.842718E+01  3.225626E+00  2.054802E+00
  3.225626E+00  4.276672E+01  4.583440E+00  2.054802E+00  4.583440E+00
  4.254035E+01
        80  8.000000E-02        41
 -1.199335E+06  7.213322E+02 -1.201954E+06  2.890483E+05 -1.491003E+06
  0.000000E+00  3.227767E-03  0.000000E+00  0.000000E+00 -1.183764E+06
  1.907531E+03 -4.162060E+04 -1.531584E+06  1.490127E+06  0.000000E+00
 -3.125896E-02  0.000000E+00  0.000000E+00  5.568179E+03  0.000000E+00
  0.000000E+00  0.000000E+00  9.000000E+01  9.000000E+01  9.000000E+01
  0.000000E+00  4.588729E+01  1.896982E+01  5.238753E-02  1.025058E-01
  2.050082E-01  3.652255E-01  4.066769E+01 -2.529058E+00  2.649117E+00
 -2.529058E+00  5.917243E+01  1.042091E+01  2.649117E+00  1.042091E+01
  3.782174E+01
        90  9.000000E-02        41
 -1.199336E+06  7.656046E+02 -1.202120E+06  2.917795E+05 -1.493899E+06
  0.000000E+00  4.222428E-03  0.000000E+00  0.000000E+00 -1.180657E+06
  2.024844E+03 -5.064039E+04 -1.543544E+06  1.493027E+06  0.000000E+00
 -4.074177E-02  0.000000E+00  0.000000E+00  5.568179E+03  0.000000E+00
  0.000000E+00  0.000000E+00  9.000000E+01  9.000000E+01  9.000000E+01
  0.000000E+00  5.504653E+01  2.430447E+01  6.254617E-02  1.027149E-01
  2.577954E-01  4.842138E-01  4.838268E+01  1.766375E+00 -2.519083E+00
  1.766375E+00  6.276888E+01  1.244351E+00 -2.519083E+00  1.244351E+00
  5.398803E+01
       100  1.000000E-01        41
 -1.199333E+06  6.931849E+02 -1.201863E+06  2.936222E+05 -1.495485E+06
  0.000000E+00  4.447140E-03  0.000000E+00  0.000000E+00 -1.178781E+06
  1.987529E+03 -5.680149E+04 -1.551306E+06  1.494620E+06  0.000000E+00
 -4.295089E-02  0.000000E+00  0.000000E+00  5.568179E+03  0.000000E+00
  0.000000E+00  0.000000E+00  9.000000E+01  9.000000E+01  9.000000E+01
  0.000000E+00  6.057973E+01  3.063886E+01  7.081045E-02  1.082314E-01
  3.230301E-01  6.359398E-01  5.815402E+01  4.630700E+00 -4.196877E+00
  4.630700E+00  5.958333E+01 -2.291136E+00 -4.196877E+00 -2.291136E+00
  6.400184E+01
       110  1.100000E-01        41
 -1.199332E+06  6.281213E+02 -1.201633E+06  2.929667E+05 -1.494600E+06
  0.000000E+00  3.938742E-03  0.000000E+00  0.000000E+00 -1.179654E+06
  1.805284E+03 -5.466166E+04 -1.548265E+06  1.493738E+06  0.000000E+00
 -3.815846E-02  0.000000E+00  0.000000E+00  5.568179E+03  0.000000E+00
  0.000000E+00  0.000000E+00  9.000000E+01  9.000000E+01  9.000000E+01
  0.000000E+00  5.802472E+01  3.714079E+01  7.624830E-02  1.179240E-01
  3.999145E-01  8.171617E-01  6.088179E+01 -1.415352E+00 -3.414100E+00
 -1.415352E+00  5.338937E+01  2.778253E+00 -3.414100E+00  2.778253E+00
  5.980301E+01
       120  1.200000E-01        41
 -1.199334E+06  6.602944E+02 -1.201758E+06  2.913143E+05 -1.493072E+06
  0.000000E+00  3.653479E-03  0.000000E+00  0.000000E+00 -1.181253E+06
  1.330296E+03 -4.964778E+04 -1.541524E+06  1.492200E+06  0.000000E+00
 -3.531367E-02  0.000000E+00  0.000000E+00  5.568179E+03  0.000000E+00
  0.000000E+00  0.000000E+00  9.000000E+01  9.000000E+01  9.000000E+01
  0.000000E+00  5.334494E+01  4.416156E+01  8.055392E-02  1.266128E-01
  4.834438E-01  1.014042E+00  5.062407E+01 -1.190276E+00 -3.659604E+00
 -1.190276E+00  5.520379E+01 -2.843651E+00 -3.659604E+00 -2.843651E+00
  5.420694E+01
       130  1.300000E-01        41
 -1.199335E+06  6.628121E+02 -1.201775E+06  2.891086E+05 -1.490884E+06
  0.000000E+00  3.638677E-03  0.000000E+00  0.000000E+00 -1.183560E+06
  5.834706E+02 -4.271426E+04 -1.532116E+06  1.489994E+06  0.000000E+00
 -3.522583E-02  0.000000E+00  0.000000E+00  5.568179E+03  0.000000E+00
  0.000000E+00  0.000000E+00  9.000000E+01  9.000000E+01  9.000000E+01
  0.000000E+00  4.657878E+01  5.160330E+01  8.858625E-02  1.321999E-01
  5.574961E-01  1.188205E+00  4.906674E+01  2.235983E+00  9.448449E-01
  2.235983E+00  5.870766E+01 -1.180980E+00  9.448449E-01 -1.180980E+00
  3.196194E+01
       140  1.400000E-01        41
 -1.199333E+06  6.163413E+02 -1.201614E+06  2.872493E+05 -1.488863E+06
  0.000000E+00  3.369822E-03  0.000000E+00  0.000000E+00 -1.185666E+06
  3.422878E+02 -3.674563E+04 -1.524269E+06  1.487980E+06  0.000000E+00
 -3.262926E-02  0.000000E+00  0.000000E+00  5.568179E+03  0.000000E+00
  0.000000E+00  0.000000E+00  9.000000E+01  9.000000E+01  9.000000E+01
  0.000000E+00  4.040040E+01  5.913817E+01  9.531074E-02  1.372871E-01
  6.053732E-01  1.299579E+00  4.631598E+01  2.585288E+00  4.466346E+00
  2.585288E+00  4.054422E+01  1.343705E+00  4.466346E+00  1.343705E+00
  3.434100E+01
       150  1.500000E-01        41
 -1.199334E+06  6.653807E+02 -1.201800E+06  2.887014E+05 -1.490501E+06
  0.000000E+00  4.006976E-03  0.000000E+00  0.000000E+00 -1.184205E+06
  4.586017E+02 -4.080449E+04 -1.530120E+06  1.489623E+06  0.000000E+00
 -3.870743E-02  0.000000E+00  0.000000E+00  5.568179E+03  0.000000E+00
  0.000000E+00  0.000000E+00  9.000000E+01  9.000000E+01  9.000000E+01
  0.000000E+00  4.472639E+01  6.763376E+01  9.831732E-02  1.446629E-01
  6.403068E-01  1.370116E+00  4.851970E+01 -3.228422E-02  2.778867E-02
 -3.228422E-02  3.623062E+01 -4.043654E+00  2.778867E-02 -4.043654E+00
  4.942884E+01
       160  1.600000E-01        41
 -1.199335E+06  6.962405E+02 -1.201921E+06  2.894293E+05 -1.491351E+06
  0.000000E+00  3.846603E-03  0.000000E+00  0.000000E+00 -1.183365E+06
  6.542392E+02 -4.313708E+04 -1.533297E+06  1.490478E+06  0.000000E+00
 -3.724262E-02  0.000000E+00  0.000000E+00  5.568179E+03  0.000000E+00
  0.000000E+00  0.000000E+00  9.000000E+01  9.000000E+01  9.000000E+01
  0.000000E+00  4.722827E+01  7.708136E+01  9.641983E-02  1.544750E-01
  6.737334E-01  1.421615E+00  4.786170E+01  1.112432E+00 -1.831818E+00
  1.112432E+00  4.154846E+01 -5.915802E+00 -1.831818E+00 -5.915802E+00
  5.227464E+01
       170  1.700000E-01        41
 -1.199334E+06  6.583242E+02 -1.201794E+06  2.901073E+05 -1.491901E+06
  0.000000E+00  3.729389E-03  0.000000E+00  0.000000E+00 -1.182577E+06
  1.013714E+03 -4.581126E+04 -1.536516E+06  1.491030E+06  0.000000E+00
 -3.613381E-02  0.000000E+00  0.000000E+00  5.568179E+03  0.000000E+00
  0.000000E+00  0.000000E+00  9.000000E+01  9.000000E+01  9.000000E+01
  0.000000E+00  4.957487E+01  8.686394E+01  9.306973E-02  1.620497E-01
  7.070238E-01  1.454281E+00  5.134503E+01  5.946084E+00 -2.637705E-02
  5.946084E+00  4.144141E+01  4.336259E+00 -2.637705E-02  4.336259E+00
  5.593817E+01
       180  1.800000E-01        41
 -1.199334E+06  6.409305E+02 -1.201741E+06  2.908284E+05 -1.492569E+06
  0.000000E+00  4.599840E-03  0.000000E+00  0.000000E+00 -1.181827E+06
  1.563888E+03 -4.823010E+04 -1.539667E+06  1.491693E+06  0.000000E+00
 -4.449941E-02  0.000000E+00  0.000000E+00  5.568179E+03  0.000000E+00
  0.000000E+00  0.000000E+00  9.000000E+01  9.000000E+01  9.000000E+01
  0.000000E+00  5.181144E+01  9.715374E+01  9.604564E-02  1.620693E-01
  7.410217E-01  1.474351E+00  5.378091E+01  1.501428E+00 -7.261243E-01
  1.501428E+00  4.317451E+01  4.254729E+00 -7.261243E-01  4.254729E+00
  5.847889E+01
       190  1.900000E-01        41
 -1.199333E+06  6.310344E+02 -1.201716E+06  2.900136E+05 -1.491729E+06
  0.000000E+00  3.399675E-03  0.000000E+00  0.000000E+00 -1.182839E+06
  2.371486E+03 -4.531566E+04 -1.535961E+06  1.490852E+06  0.000000E+00
 -3.295304E-02  0.000000E+00  0.000000E+00  5.568179E+03  0.000000E+00
  0.000000E+00  0.000000E+00  9.000000E+01  9.000000E+01  9.000000E+01
  0.000000E+00  4.886243E+01  1.076823E+02  9.783703E-02  1.540751E-01
  7.730117E-01  1.491771E+00  4.693679E+01 -3.677095E+00 -1.887030E+00
 -3.677095E+00  5.413711E+01 -4.516188E+00 -1.887030E+00 -4.516188E+00
  4.551339E+01
       200  2.000000E-01        41
 -1.199334E+06  6.829426E+02 -1.201915E+06  2.892816E+05 -1.491196E+06
  0.000000E+00  3.618245E-03  0.000000E+00  0.000000E+00 -1.183678E+06
  2.844402E+03 -4.247235E+04 -1.532689E+06  1.490313E+06  0.000000E+00
 -3.504464E-02  0.000000E+00  0.000000E+00  5.568179E+03  0.000000E+00
  0.000000E+00  0.000000E+00  9.000000E+01  9.000000E+01  9.000000E+01
  0.000000E+00  4.642849E+01  1.190358E+02  9.024067E-02  1.463102E-01
  8.079270E-01  1.528139E+00  4.513754E+01 -2.046688E+00 -1.179086E+00
 -2.046688E+00  5.406186E+01 -3.410644E+00 -1.179086E+00 -3.410644E+00
  4.008605E+01
       210  2.100000E-01        41
 -1.199335E+06  7.054033E+02 -1.202009E+06  2.885669E+05 -1.490576E+06
  0.000000E+00  3.889413E-03  0.000000E+00  0.000000E+00 -1.184492E+06
  2.765935E+03 -3.990611E+04 -1.529514E+06  1.489697E+06  0.000000E+00
 -3.752212E-02  0.000000E+00  0.000000E+00  5.568179E+03  0.000000E+00
  0.000000E+00  0.000000E+00  9.000000E+01  9.000000E+01  9.000000E+01
  0.000000E+00  4.407160E+01  1.316249E+02  8.302731E-02  1.372012E-01
  8.573399E-01  1.607730E+00  4.694038E+01  1.464030E+00  3.398893E+00
  1.464030E+00  3.479888E+01 -3.626741E+00  3.398893E+00 -3.626741E+00
  5.047555E+01
       220  2.200000E-01        41
 -1.199333E+06  6.504859E+02 -1.201823E+06  2.877124E+05 -1.489535E+06
  0.000000E+00  3.144945E-03  0.000000E+00  0.000000E+00 -1.185457E+06
  2.403786E+03 -3.743282E+04 -1.525980E+06  1.488653E+06  0.000000E+00
 -3.048231E-02  0.000000E+00  0.000000E+00  5.568179E+03  0.000000E+00
  0.000000E+00  0.000000E+00  9.000000E+01  9.000000E+01  9.000000E+01
  0.000000E+00  4.126561E+01  1.446602E+02  7.752011E-02  1.280025E-01
  9.241616E-01  1.734207E+00  4.331459E+01 -1.204929E+00  4.345854E-01
 -1.204929E+00  3.941795E+01 -8.055107E+00  4.345854E-01 -8.055107E+00
  4.106430E+01
       230  2.300000E-01        41
 -1.199335E+06  6.756533E+02 -1.201928E+06  2.902439E+05 -1.492172E+06
  0.000000E+00  3.949663E-03  0.000000E+00  0.000000E+00 -1.182794E+06
  1.943136E+03 -4.527485E+04 -1.536415E+06  1.491286E+06  0.000000E+00
 -3.821008E-02  0.000000E+00  0.000000E+00  5.568179E+03  0.000000E+00
  0.000000E+00  0.000000E+00  9.000000E+01  9.000000E+01  9.000000E+01
  0.000000E+00  4.914843E+01  1.581187E+02  7.498939E-02  1.198399E-01
  1.006750E+00  1.901262E+00  4.198359E+01 -4.683504E+00 -8.383364E-01
 -4.683504E+00  5.056165E+01 -1.472478E+00 -8.383364E-01 -1.472478E+00
  5.490004E+01
       240  2.400000E-01        41
 -1.199335E+06  6.705015E+02 -1.201923E+06  2.914013E+05 -1.493325E+06
  0.000000E+00  4.017019E-03  0.000000E+00  0.000000E+00 -1.181302E+06
  1.311534E+03 -4.981268E+04 -1.541971E+06  1.492438E+06  0.000000E+00
 -3.880070E-02  0.000000E+00  0.000000E+00  5.568179E+03  0.000000E+00
  0.000000E+00  0.000000E+00  9.000000E+01  9.000000E+01  9.000000E+01
  0.000000E+00  5.357936E+01  1.715827E+02  7.397856E-02  1.127889E-01
  1.104441E+00  2.102662E+00  5.003098E+01 -3.159439E-01  7.803328E-01
 -3.159439E-01  5.332932E+01  2.468238E+00  7.803328E-01  2.468238E+00
  5.737778E+01
       250  2.500000E-01        41
 -1.199333E+06  6.315335E+02 -1.201795E+06  2.922015E+05 -1.493997E+06
  0.000000E+00  4.073044E-03  0.000000E+00  0.000000E+00 -1.180416E+06
  8.225830E+02 -5.277653E+04 -1.545555E+06  1.493108E+06  0.000000E+00
 -3.943891E-02  0.000000E+00  0.000000E+00  5.568179E+03  0.000000E+00
  0.000000E+00  0.000000E+00  9.000000E+01  9.000000E+01  9.000000E+01
  0.000000E+00  5.622347E+01  1.857390E+02  7.149451E-02  1.067633E-01
  1.216745E+00  2.328199E+00  5.931945E+01  3.893201E+00 -2.856467E+00
  3.893201E+00  6.175140E+01  1.064124E+00 -2.856467E+00  1.064124E+00
  4.759955E+01
       260  2.600000E-01        41
 -1.199333E+06  6.004426E+02 -1.201697E+06  2.926056E+05 -1.494303E+06
  0.000000E+00  4.577582E-03  0.000000E+00  0.000000E+00 -1.180147E+06
  7.879520E+02 -5.385059E+04 -1.546956E+06  1.493429E+06  0.000000E+00
 -4.414549E-02  0.000000E+00  0.000000E+00  5.568179E+03  0.000000E+00
  0.000000E+00  0.000000E+00  9.000000E+01  9.000000E+01  9.000000E+01
  0.000000E+00  5.705816E+01  2.001749E+02  6.727253E-02  1.021540E-01
  1.341931E+00  2.569927E+00  5.327450E+01  9.691665E-02 -2.519392E+00
  9.691665E-02  5.348826E+01  4.153466E+00 -2.519392E+00  4.153466E+00
  6.441170E+01
       270  2.700000E-01        41
 -1.199335E+06  6.567816E+02 -1.201917E+06  2.901454E+05 -1.492062E+06
  0.000000E+00  3.770623E-03  0.000000E+00  0.000000E+00 -1.182695E+06
  9.243501E+02 -4.585125E+04 -1.536738E+06  1.491184E+06  0.000000E+00
 -3.647746E-02  0.000000E+00  0.000000E+00  5.568179E+03  0.000000E+00
  0.000000E+00  0.000000E+00  9.000000E+01  9.000000E+01  9.000000E+01
  0.000000E+00  4.960538E+01  2.148987E+02  6.348662E-02  9.583979E-02
  1.477102E+00  2.825198E+00  4.959486E+01  5.015315E-01 -2.310567E+00
  5.015315E-01  4.918548E+01  2.314142E+00 -2.310567E+00  2.314142E+00
  5.003581E+01
       280  2.800000E-01        41
 -1.199336E+06  6.633179E+02 -1.201957E+06  2.884547E+05 -1.490412E+06
  0.000000E+00  3.553362E-03  0.000000E+00  0.000000E+00 -1.184609E+06
  8.737706E+02 -4.011223E+04 -1.529359E+06  1.489533E+06  0.000000E+00
 -3.444562E-02  0.000000E+00  0.000000E+00  5.568179E+03  0.000000E+00
  0.000000E+00  0.000000E+00  9.000000E+01  9.000000E+01  9.000000E+01
  0.000000E+00  4.402248E+01  2.305859E+02  6.140496E-02  9.156002E-02
  1.612826E+00  3.078527E+00  4.366518E+01 -1.356802E-01 -1.663049E+00
 -1.356802E-01  4.142632E+01 -1.120149E+00 -1.663049E+00 -1.120149E+00
  4.697593E+01
       290  2.900000E-01        41
 -1.199335E+06  6.461993E+02 -1.201910E+06  2.880708E+05 -1.489981E+06
  0.000000E+00  3.806336E-03  0.000000E+00  0.000000E+00 -1.185174E+06
  8.643835E+02 -3.858412E+04 -1.527413E+06  1.489102E+06  0.000000E+00
 -3.676711E-02  0.000000E+00  0.000000E+00  5.568179E+03  0.000000E+00
  0.000000E+00  0.000000E+00  9.000000E+01  9.000000E+01  9.000000E+01
  0.000000E+00  4.240247E+01  2.462661E+02  6.058664E-02  9.083799E-02
  1.735922E+00  3.305655E+00  4.241440E+01  1.208872E-01  3.389457E+00
  1.208872E-01  3.844134E+01  2.446675E+00  3.389457E+00  2.446675E+00
  4.635168E+01
       300  3.000000E-01        41
 -1.199334E+06  6.326682E+02 -1.201878E+06  2.879545E+05 -1.489832E+06
  0.000000E+00  3.311094E-03  0.000000E+00  0.000000E+00 -1.185399E+06
  1.149705E+03 -3.806359E+04 -1.526750E+06  1.488953E+06  0.000000E+00
 -3.205515E-02  0.000000E+00  0.000000E+00  5.568179E+03  0.000000E+00
  0.000000E+00  0.000000E+00  9.000000E+01  9.000000E+01  9.000000E+01
  0.000000E+00  4.178912E+01  2.631393E+02  5.898220E-02  9.283462E-02
  1.840596E+00  3.497022E+00  5.261412E+01 -1.827424E+00  2.994549E+00
 -1.827424E+00  3.971575E+01  2.252637E+00  2.994549E+00  2.252637E+00
  3.303749E+01
       310  3.100000E-01        41
 -1.199335E+06  6.429081E+02 -1.201932E+06  2.897148E+05 -1.491646E+06
  0.000000E+00  3.522558E-03  0.000000E+00  0.000000E+00 -1.183429E+06
  1.666156E+03 -4.396461E+04 -1.534549E+06  1.490771E+06  0.000000E+00
 -3.417097E-02  0.000000E+00  0.000000E+00  5.568179E+03  0.000000E+00
  0.000000E+00  0.000000E+00  9.000000E+01  9.000000E+01  9.000000E+01
  0.000000E+00  4.763819E+01  2.798428E+02  5.458997E-02  9.776760E-02
  1.929046E+00  3.660676E+00  5.235805E+01 -1.432739E+00 -5.447901E-02
 -1.432739E+00  3.885499E+01  3.844971E-01 -5.447901E-02  3.844971E-01
  5.170153E+01
       320  3.200000E-01        41
 -1.199334E+06  6.344439E+02 -1.201918E+06  2.922288E+05 -1.494147E+06
  0.000000E+00  4.465965E-03  0.000000E+00  0.000000E+00 -1.180714E+06
  2.079759E+03 -5.223125E+04 -1.545403E+06  1.493273E+06  0.000000E+00
 -4.304018E-02  0.000000E+00  0.000000E+00  5.568179E+03  0.000000E+00
  0.000000E+00  0.000000E+00  9.000000E+01  9.000000E+01  9.000000E+01
  0.000000E+00  5.567833E+01  2.975996E+02  5.316764E-02  9.992725E-02
  2.010974E+00  3.823651E+00  5.609070E+01  9.528375E-02  4.444634E+00
  9.528375E-02  5.369485E+01 -7.066399E-01  4.444634E+00 -7.066399E-01
  5.724944E+01
       330  3.300000E-01        41
 -1.199333E+06  6.123502E+02 -1.201856E+06  2.930135E+05 -1.494870E+06
  0.000000E+00  3.990341E-03  0.000000E+00  0.000000E+00 -1.179912E+06
  2.378545E+03 -5.485492E+04 -1.548770E+06  1.493998E+06  0.000000E+00
 -3.861227E-02  0.000000E+00  0.000000E+00  5.568179E+03  0.000000E+00
  0.000000E+00  0.000000E+00  9.000000E+01  9.000000E+01  9.000000E+01
  0.000000E+00  5.808876E+01  3.157908E+02  5.525631E-02  9.856782E-02
  2.095761E+00  4.008717E+00  5.967930E+01  4.994645E-01  8.033403E+00
  4.994645E-01  6.041009E+01  2.457510E+00  8.033403E+00  2.457510E+00
  5.417689E+01
       340  3.400000E-01        41
 -1.199335E+06  6.538261E+02 -1.202026E+06  2.924878E+05 -1.494514E+06
  0.000000E+00  4.213304E-03  0.000000E+00  0.000000E+00 -1.180409E+06
  2.622462E+03 -5.313597E+04 -1.546720E+06  1.493647E+06  0.000000E+00
 -4.075474E-02  0.000000E+00  0.000000E+00  5.568179E+03  0.000000E+00
  0.000000E+00  0.000000E+00  9.000000E+01  9.000000E+01  9.000000E+01
  0.000000E+00  5.668971E+01  3.343338E+02  5.429559E-02  9.901120E-02
  2.186829E+00  4.224304E+00  6.069092E+01 -5.268594E-01 -2.622921E+00
 -5.268594E-01  5.271749E+01  3.161131E+00 -2.622921E+00  3.161131E+00
  5.666073E+01
       350  3.500000E-01        41
 -1.199336E+06  6.434034E+02 -1.202007E+06  2.908018E+05 -1.492809E+06
  0.000000E+00  3.992087E-03  0.000000E+00  0.000000E+00 -1.182385E+06
  2.663375E+03 -4.733919E+04 -1.539215E+06  1.491942E+06  0.000000E+00
 -3.859744E-02  0.000000E+00  0.000000E+00  5.568179E+03  0.000000E+00
  0.000000E+00  0.000000E+00  9.000000E+01  9.000000E+01  9.000000E+01
  0.000000E+00  5.092798E+01  3.528015E+02  5.364051E-02  9.871132E-02
  2.284852E+00  4.470306E+00  5.548762E+01 -6.940162E-01 -4.263925E+00
 -6.940162E-01  4.127868E+01  6.765112E+00 -4.263925E+00  6.765112E+00
  5.601764E+01
       360  3.600000E-01        41
 -1.199334E+06  6.163176E+02 -1.201928E+06  2.882261E+05 -1.490154E+06
  0.000000E+00  3.482429E-03  0.000000E+00  0.000000E+00 -1.185185E+06
  2.333952E+03 -3.918127E+04 -1.528335E+06  1.489284E+06  0.000000E+00
 -3.371775E-02  0.000000E+00  0.000000E+00  5.568179E+03  0.000000E+00
  0.000000E+00  0.000000E+00  9.000000E+01  9.000000E+01  9.000000E+01
  0.000000E+00  4.274102E+01  3.720877E+02  5.315566E-02  9.814632E-02
  2.391191E+00  4.744013E+00  4.292555E+01 -4.078232E+00  1.478579E+00
 -4.078232E+00  4.741047E+01  3.800684E+00  1.478579E+00  3.800684E+00
  3.788704E+01
       370  3.700000E-01        41
 -1.199334E+06  6.077579E+02 -1.201916E+06  2.887889E+05 -1.490705E+06
  0.000000E+00  3.975198E-03  0.000000E+00  0.000000E+00 -1.184759E+06
  1.696272E+03 -4.056090E+04 -1.530223E+06  1.489835E+06  0.000000E+00
 -3.835841E-02  0.000000E+00  0.000000E+00  5.568179E+03  0.000000E+00
  0.000000E+00  0.000000E+00  9.000000E+01  9.000000E+01  9.000000E+01
  0.000000E+00  4.404960E+01  3.914802E+02  5.529897E-02  9.521177E-02
  2.502238E+00  5.028133E+00  4.311425E+01 -1.095019E+00  1.815553E+00
 -1.095019E+00  5.589163E+01 -1.394057E+00  1.815553E+00 -1.394057E+00
  3.314292E+01
       380  3.800000E-01        41
 -1.199335E+06  6.476113E+02 -1.202081E+06  2.886050E+05 -1.490686E+06
  0.000000E+00  3.493767E-03  0.000000E+00  0.000000E+00 -1.184812E+06
  1.164016E+03 -4.016699E+04 -1.529814E+06  1.489811E+06  0.000000E+00
 -3.384561E-02  0.000000E+00  0.000000E+00  5.568179E+03  0.000000E+00
  0.000000E+00  0.000000E+00  9.000000E+01  9.000000E+01  9.000000E+01
  0.000000E+00  4.395803E+01  4.122142E+02  5.822752E-02  9.396764E-02
  2.611770E+00  5.303348E+00  4.122579E+01  1.982739E+00  5.525727E-01
  1.982739E+00  5.043083E+01  4.572005E-01  5.525727E-01  4.572005E-01
  4.021746E+01
       390  3.900000E-01        41
 -1.199334E+06  5.779953E+02 -1.201850E+06  2.898440E+05 -1.491694E+06
  0.000000E+00  3.694525E-03  0.000000E+00  0.000000E+00 -1.183606E+06
  7.996802E+02 -4.433492E+04 -1.535014E+06  1.490830E+06  0.000000E+00
 -3.576958E-02  0.000000E+00  0.000000E+00  5.568179E+03  0.000000E+00
  0.000000E+00  0.000000E+00  9.000000E+01  9.000000E+01  9.000000E+01
  0.000000E+00  4.756362E+01  4.324090E+02  6.241235E-02  9.631829E-02
  2.717431E+00  5.562172E+00  4.177818E+01 -1.718502E-01  4.235928E+00
 -1.718502E-01  5.984608E+01 -7.502788E-01  4.235928E+00 -7.502788E-01
  4.106659E+01
       400  4.000000E-01        41
 -1.199336E+06  6.270929E+02 -1.202049E+06  2.916592E+05 -1.493708E+06
  0.000000E+00  4.308695E-03  0.000000E+00  0.000000E+00 -1.181521E+06
  5.252115E+02 -5.029437E+04 -1.542948E+06  1.492847E+06  0.000000E+00
 -4.157953E-02  0.000000E+00  0.000000E+00  5.568179E+03  0.000000E+00
  0.000000E+00  0.000000E+00  9.000000E+01  9.000000E+01  9.000000E+01
  0.000000E+00  5.376418E+01  4.528311E+02  6.292783E-02  1.021949E-01
  2.818056E+00  5.799650E+00  4.360022E+01 -1.772341E+00  4.177681E+00
 -1.772341E+00  6.112018E+01 -1.952832E+00  4.177681E+00 -1.952832E+00
  5.657214E+01
       410  4.100000E-01        41
 -1.199336E+06  6.126434E+02 -1.202018E+06  2.915389E+05 -1.493557E+06
  0.000000E+00  3.759561E-03  0.000000E+00  0.000000E+00 -1.181526E+06
  3.079379E+02 -5.044161E+04 -1.542815E+06  1.492690E+06  0.000000E+00
 -3.645408E-02  0.000000E+00  0.000000E+00  5.568179E+03  0.000000E+00
  0.000000E+00  0.000000E+00  9.000000E+01  9.000000E+01  9.000000E+01
  0.000000E+00  5.381176E+01  4.737217E+02  6.140734E-02  1.103385E-01
  2.913907E+00  6.016454E+00  5.488977E+01  1.272957E+00  1.964749E+00
  1.272957E+00  6.232245E+01 -6.516386E-01  1.964749E+00 -6.516386E-01
  4.422305E+01
       420  4.200000E-01        41
 -1.199336E+06  6.012371E+02 -1.201998E+06  2.917078E+05 -1.493705E+06
  0.000000E+00  3.947185E-03  0.000000E+00  0.000000E+00 -1.181359E+06
  2.275075E+02 -5.108515E+04 -1.543456E+06  1.492838E+06  0.000000E+00
 -3.820024E-02  0.000000E+00  0.000000E+00  5.568179E+03  0.000000E+00
  0.000000E+00  0.000000E+00  9.000000E+01  9.000000E+01  9.000000E+01
  0.000000E+00  5.436441E+01  4.948581E+02  6.266415E-02  1.144350E-01
  3.005284E+00  6.216144E+00  5.926306E+01  3.867871E+00  3.103076E+00
  3.867871E+00  4.952080E+01  3.869888E+00  3.103076E+00  3.869888E+00
  5.430937E+01
       430  4.300000E-01        41
 -1.199335E+06  6.308360E+02 -1.202125E+06  2.912308E+05 -1.493356E+06
  0.000000E+00  3.745943E-03  0.000000E+00  0.000000E+00 -1.181918E+06
  3.739194E+02 -4.926316E+04 -1.541265E+06  1.492489E+06  0.000000E+00
 -3.620145E-02  0.000000E+00  0.000000E+00  5.568179E+03  0.000000E+00
  0.000000E+00  0.000000E+00  9.000000E+01  9.000000E+01  9.000000E+01
  0.000000E+00  5.278266E+01  5.162930E+02  6.234455E-02  1.155150E-01
  3.094269E+00  6.410441E+00  5.851390E+01  6.979217E-02 -2.077572E-01
  6.979217E-02  4.193722E+01 -1.681894E+00 -2.077572E-01 -1.681894E+00
  5.789686E+01
       440  4.400000E-01        41
 -1.199334E+06  5.853320E+02 -1.201984E+06  2.897661E+05 -1.491750E+06
  0.000000E+00  3.249689E-03  0.000000E+00  0.000000E+00 -1.183690E+06
  4.641424E+02 -4.434286E+04 -1.534874E+06  1.490887E+06  0.000000E+00
 -3.148085E-02  0.000000E+00  0.000000E+00  5.568179E+03  0.000000E+00
  0.000000E+00  0.000000E+00  9.000000E+01  9.000000E+01  9.000000E+01
  0.000000E+00  4.763150E+01  5.398464E+02  6.014910E-02  1.182444E-01
  3.183151E+00  6.596797E+00  5.462486E+01  1.574380E+00 -1.790931E+00
  1.574380E+00  5.399825E+01 -5.648692E+00 -1.790931E+00 -5.648692E+00
  3.427140E+01
       450  4.500000E-01        41
 -1.199336E+06  5.970172E+02 -1.202050E+06  2.894379E+05 -1.491487E+06
  0.000000E+00  3.812832E-03  0.000000E+00  0.000000E+00 -1.184055E+06
  4.618827E+02 -4.323676E+04 -1.533544E+06  1.490630E+06  0.000000E+00
 -3.685749E-02  0.000000E+00  0.000000E+00  5.568179E+03  0.000000E+00
  0.000000E+00  0.000000E+00  9.000000E+01  9.000000E+01  9.000000E+01
  0.000000E+00  4.662904E+01  5.621354E+02  6.122301E-02  1.186172E-01
  3.270920E+00  6.747008E+00  3.730171E+01  1.694176E+00 -6.611235E-01
  1.694176E+00  5.241463E+01 -2.330753E-01 -6.611235E-01 -2.330753E-01
  5.017078E+01
       460  4.600000E-01        41
 -1.199336E+06  5.900316E+02 -1.202047E+06  2.892577E+05 -1.491305E+06
  0.000000E+00  3.766764E-03  0.000000E+00  0.000000E+00 -1.184276E+06
  6.217262E+02 -4.269444E+04 -1.532838E+06  1.490447E+06  0.000000E+00
 -3.632514E-02  0.000000E+00  0.000000E+00  5.568179E+03  0.000000E+00
  0.000000E+00  0.000000E+00  9.000000E+01  9.000000E+01  9.000000E+01
  0.000000E+00  4.604367E+01  5.844143E+02  6.160071E-02  1.177037E-01
  3.362204E+00  6.864907E+00  4.446793E+01  1.054873E+00 -2.731750E+00
  1.054873E+00  4.957743E+01 -2.134139E+00 -2.731750E+00 -2.134139E+00
  4.408566E+01
       470  4.700000E-01        41
 -1.199335E+06  5.823869E+02 -1.202041E+06  2.892445E+05 -1.491285E+06
  0.000000E+00  3.248088E-03  0.000000E+00  0.000000E+00 -1.184305E+06
  1.091697E+03 -4.273814E+04 -1.532847E+06  1.490424E+06  0.000000E+00
 -3.149179E-02  0.000000E+00  0.000000E+00  5.568179E+03  0.000000E+00
  0.000000E+00  0.000000E+00  9.000000E+01  9.000000E+01  9.000000E+01
  0.000000E+00  4.602099E+01  6.066857E+02  6.472919E-02  1.118833E-01
  3.465940E+00  6.984318E+00  5.135308E+01 -1.662164E+00  3.423952E+00
 -1.662164E+00  4.577367E+01 -5.442673E+00  3.423952E+00 -5.442673E+00
  4.093621E+01
       480  4.800000E-01        41
 -1.199335E+06  5.753550E+02 -1.202040E+06  2.907697E+05 -1.492809E+06
  0.000000E+00  4.024213E-03  0.000000E+00  0.000000E+00 -1.182772E+06
  1.703257E+03 -4.747776E+04 -1.539240E+06  1.491946E+06  0.000000E+00
 -3.887959E-02  0.000000E+00  0.000000E+00  5.568179E+03  0.000000E+00
  0.000000E+00  0.000000E+00  9.000000E+01  9.000000E+01  9.000000E+01
  0.000000E+00  5.060617E+01  6.309050E+02  6.695108E-02  1.073181E-01
  3.590671E+00  7.144655E+00  4.414866E+01 -2.084165E+00  3.736415E+00
 -2.084165E+00  4.998827E+01 -1.750150E+00  3.736415E+00 -1.750150E+00
  5.768157E+01
       490  4.900000E-01        41
 -1.199337E+06  6.104739E+02 -1.202191E+06  2.914607E+05 -1.493652E+06
  0.000000E+00  3.743557E-03  0.000000E+00  0.000000E+00 -1.181949E+06
  2.020864E+03 -4.977285E+04 -1.542457E+06  1.492787E+06  0.000000E+00
 -3.620094E-02  0.000000E+00  0.000000E+00  5.568179E+03  0.000000E+00
  0.000000E+00  0.000000E+00  9.000000E+01  9.000000E+01  9.000000E+01
  0.000000E+00  5.309840E+01  6.538292E+02  6.369559E-02  1.076941E-01
  3.730697E+00  7.340140E+00  4.975425E+01  1.427470E+00 -2.643694E+00
  1.427470E+00  5.933921E+01  4.863508E+00 -2.643694E+00  4.863508E+00
  5.020174E+01
       500  5.000000E-01        41
 -1.199335E+06  5.606401E+02 -1.202033E+06  2.918051E+05 -1.493838E+06
  0.000000E+00  3.675927E-03  0.000000E+00  0.000000E+00 -1.181713E+06
  2.082989E+03 -5.090776E+04 -1.543752E+06  1.492970E+06  0.000000E+00
 -3.557809E-02  0.000000E+00  0.000000E+00  5.568179E+03  0.000000E+00
  0.000000E+00  0.000000E+00  9.000000E+01  9.000000E+01  9.000000E+01
  0.000000E+00  5.385786E+01  6.772407E+02  6.244438E-02  1.075560E-01
  3.879624E+00  7.556210E+00  5.561012E+01  1.237622E+00 -3.639559E+00
  1.237622E+00  5.618553E+01 -2.950034E+00 -3.639559E+00 -2.950034E+00
  4.977794E+01
       510  5.100000E-01        41
 -1.199334E+06  5.473395E+02 -1.202008E+06  2.917415E+05 -1.493750E+06
  0.000000E+00  4.282882E-03  0.000000E+00  0.000000E+00 -1.181788E+06
  1.799545E+03 -5.084210E+04 -1.543513E+06  1.492876E+06  0.000000E+00
 -4.137544E-02  0.000000E+00  0.000000E+00  5.568179E+03  0.000000E+00
  0.000000E+00  0.000000E+00  9.000000E+01  9.000000E+01  9.000000E+01
  0.000000E+00  5.370632E+01  7.012167E+02  6.233251E-02  1.063191E-01
  4.030127E+00  7.778810E+00  5.545674E+01 -8.614976E-02 -8.930969E-01
 -8.614976E-02  5.785598E+01 -4.538575E+00 -8.930969E-01 -4.538575E+00
  4.780624E+01
       520  5.200000E-01        41
 -1.199336E+06  5.803263E+02 -1.202153E+06  2.905335E+05 -1.492687E+06
  0.000000E+00  3.518733E-03  0.000000E+00  0.000000E+00 -1.183046E+06
  1.213018E+03 -4.689319E+04 -1.538440E+06  1.491814E+06  0.000000E+00
 -3.407217E-02  0.000000E+00  0.000000E+00  5.568179E+03  0.000000E+00
  0.000000E+00  0.000000E+00  9.000000E+01  9.000000E+01  9.000000E+01
  0.000000E+00  5.007982E+01  7.255763E+02  6.290307E-02  1.036962E-01
  4.172746E+00  8.001260E+00  4.999915E+01  6.238626E+00 -2.223317E+00
  6.238626E+00  5.602913E+01  1.347271E+00 -2.223317E+00  1.347271E+00
  4.421117E+01
       530  5.300000E-01        41
 -1.199337E+06  5.911801E+02 -1.202217E+06  2.900481E+05 -1.492265E+06
  0.000000E+00  3.460788E-03  0.000000E+00  0.000000E+00 -1.183668E+06
  7.627136E+02 -4.501351E+04 -1.536177E+06  1.491389E+06  0.000000E+00
 -3.348639E-02  0.000000E+00  0.000000E+00  5.568179E+03  0.000000E+00
  0.000000E+00  0.000000E+00  9.000000E+01  9.000000E+01  9.000000E+01
  0.000000E+00  4.832350E+01  7.498189E+02  6.352144E-02  1.020667E-01
  4.303011E+00  8.227395E+00  4.032862E+01  1.454101E+00 -5.317842E+00
  1.454101E+00  4.965621E+01  2.595556E+00 -5.317842E+00  2.595556E+00
  5.498569E+01
       540  5.400000E-01        41
 -1.199336E+06  5.781072E+02 -1.202195E+06  2.899962E+05 -1.492191E+06
  0.000000E+00  3.586862E-03  0.000000E+00  0.000000E+00 -1.183833E+06
  5.217247E+02 -4.468083E+04 -1.535822E+06  1.491318E+06  0.000000E+00
 -3.466863E-02  0.000000E+00  0.000000E+00  5.568179E+03  0.000000E+00
  0.000000E+00  0.000000E+00  9.000000E+01  9.000000E+01  9.000000E+01
  0.000000E+00  4.791058E+01  7.753115E+02  6.143097E-02  1.034319E-01
  4.420516E+00  8.450299E+00  3.358014E+01  5.783202E-01  1.510716E+00
  5.783202E-01  4.674724E+01  1.879461E+00  1.510716E+00  1.879461E+00
  6.340434E+01
       550  5.500000E-01        41
 -1.199336E+06  5.513057E+02 -1.202123E+06  2.899257E+05 -1.492049E+06
  0.000000E+00  3.370265E-03  0.000000E+00  0.000000E+00 -1.183916E+06
  3.958396E+02 -4.469520E+04 -1.535722E+06  1.491176E+06  0.000000E+00
 -3.264231E-02  0.000000E+00  0.000000E+00  5.568179E+03  0.000000E+00
  0.000000E+00  0.000000E+00  9.000000E+01  9.000000E+01  9.000000E+01
  0.000000E+00  4.773820E+01  8.005625E+02  6.050972E-02  1.039768E-01
  4.527501E+00  8.667524E+00  3.603547E+01 -7.734571E-01  5.193371E+00
 -7.734571E-01  5.174646E+01 -1.734605E+00  5.193371E+00 -1.734605E+00
  5.543266E+01
       560  5.600000E-01        41
 -1.199336E+06  5.467857E+02 -1.202132E+06  2.910679E+05 -1.493200E+06
  0.000000E+00  4.033336E-03  0.000000E+00  0.000000E+00 -1.182701E+06
  3.151888E+02 -4.844525E+04 -1.540625E+06  1.492323E+06  0.000000E+00
 -3.901321E-02  0.000000E+00  0.000000E+00  5.568179E+03  0.000000E+00
  0.000000E+00  0.000000E+00  9.000000E+01  9.000000E+01  9.000000E+01
  0.000000E+00  5.138726E+01  8.250647E+02  6.062692E-02  1.024926E-01
  4.625574E+00  8.878149E+00  5.065496E+01  1.617284E+00  2.797179E-01
  1.617284E+00  5.227649E+01 -1.049690E-01  2.797179E-01 -1.049690E-01
  5.123034E+01
       570  5.700000E-01        41
 -1.199336E+06  5.618673E+02 -1.202211E+06  2.916128E+05 -1.493824E+06
  0.000000E+00  3.782800E-03  0.000000E+00  0.000000E+00 -1.182108E+06
  2.698627E+02 -5.018851E+04 -1.542951E+06  1.492947E+06  0.000000E+00
 -3.650264E-02  0.000000E+00  0.000000E+00  5.568179E+03  0.000000E+00
  0.000000E+00  0.000000E+00  9.000000E+01  9.000000E+01  9.000000E+01
  0.000000E+00  5.320528E+01  8.500034E+02  5.877142E-02  1.007450E-01
  4.715169E+00  9.080105E+00  6.014918E+01 -8.282934E-01 -4.554448E+00
 -8.282934E-01  4.848240E+01  3.376840E+00 -4.554448E+00  3.376840E+00
  5.098425E+01
       580  5.800000E-01        41
 -1.199335E+06  5.238125E+02 -1.202099E+06  2.909883E+05 -1.493088E+06
  0.000000E+00  3.358076E-03  0.000000E+00  0.000000E+00 -1.182861E+06
  2.735012E+02 -4.828141E+04 -1.540236E+06  1.492211E+06  0.000000E+00
 -3.255806E-02  0.000000E+00  0.000000E+00  5.568179E+03  0.000000E+00
  0.000000E+00  0.000000E+00  9.000000E+01  9.000000E+01  9.000000E+01
  0.000000E+00  5.106507E+01  8.761300E+02  5.792651E-02  9.972274E-02
  4.798582E+00  9.276212E+00  5.386362E+01 -3.081692E+00 -4.351528E+00
 -3.081692E+00  5.584021E+01  2.293496E+00 -4.351528E+00  2.293496E+00
  4.349138E+01
       590  5.900000E-01        41
 -1.199337E+06  5.651870E+02 -1.202275E+06  2.906929E+05 -1.492968E+06
  0.000000E+00  3.793556E-03  0.000000E+00  0.000000E+00 -1.183084E+06
  3.036440E+02 -4.739711E+04 -1.539196E+06  1.492091E+06  0.000000E+00
 -3.658512E-02  0.000000E+00  0.000000E+00  5.568179E+03  0.000000E+00
  0.000000E+00  0.000000E+00  9.000000E+01  9.000000E+01  9.000000E+01
  0.000000E+00  5.048938E+01  9.011942E+02  5.628534E-02  9.839844E-02
  4.880783E+00  9.470112E+00  4.042145E+01  1.414210E+00 -2.799889E+00
  1.414210E+00  5.039311E+01  9.348573E-01 -2.799889E+00  9.348573E-01
  6.065359E+01
       600  6.000000E-01        41
 -1.199336E+06  5.594839E+02 -1.202280E+06  2.904911E+05 -1.492771E+06
  0.000000E+00  3.386729E-03  0.000000E+00  0.000000E+00 -1.183437E+06
  3.109210E+02 -4.645303E+04 -1.538110E+06  1.491882E+06  0.000000E+00
 -3.280041E-02  0.000000E+00  0.000000E+00  5.568179E+03  0.000000E+00
  0.000000E+00  0.000000E+00  9.000000E+01  9.000000E+01  9.000000E+01
  0.000000E+00  4.952267E+01  9.267881E+02  5.469346E-02  9.592192E-02
  4.967155E+00  9.664555E+00  4.970239E+01  3.962437E+00 -6.238761E-02
  3.962437E+00  4.349095E+01  2.203385E+00 -6.238761E-02  2.203385E+00
  5.537465E+01
       610  6.100000E-01        41
 -1.199336E+06  5.356404E+02 -1.202220E+06  2.912010E+05 -1.493421E+06
  0.000000E+00  3.359157E-03  0.000000E+00  0.000000E+00 -1.182778E+06
  2.732913E+02 -4.868097E+04 -1.541050E+06  1.492527E+06  0.000000E+00
 -3.247102E-02  0.000000E+00  0.000000E+00  5.568179E+03  0.000000E+00
  0.000000E+00  0.000000E+00  9.000000E+01  9.000000E+01  9.000000E+01
  0.000000E+00  5.154072E+01  9.538994E+02  5.516360E-02  9.416302E-02
  5.056807E+00  9.853806E+00  5.934795E+01 -1.631205E+00  4.299096E+00
 -1.631205E+00  4.489202E+01  9.468015E-01  4.299096E+00  9.468015E-01
  5.038219E+01
       620  6.200000E-01        41
 -1.199337E+06  5.547226E+02 -1.202316E+06  2.922817E+05 -1.494598E+06
  0.000000E+00  3.881676E-03  0.000000E+00  0.000000E+00 -1.181519E+06
  2.262067E+02 -5.239873E+04 -1.545947E+06  1.493709E+06  0.000000E+00
 -3.748873E-02  0.000000E+00  0.000000E+00  5.568179E+03  0.000000E+00
  0.000000E+00  0.000000E+00  9.000000E+01  9.000000E+01  9.000000E+01
  0.000000E+00  5.532419E+01  9.798573E+02  5.512937E-02  9.476601E-02
  5.148376E+00  1.003374E+01  5.072570E+01 -6.412096E+00  2.555199E+00
 -6.412096E+00  5.262275E+01 -2.275358E+00  2.555199E+00 -2.275358E+00
  6.262412E+01
       630  6.300000E-01        41
 -1.199336E+06  5.191190E+02 -1.202214E+06  2.921033E+05 -1.494317E+06
  0.000000E+00  3.454143E-03  0.000000E+00  0.000000E+00 -1.181783E+06
  1.833872E+02 -5.194116E+04 -1.545134E+06  1.493427E+06  0.000000E+00
 -3.342818E-02  0.000000E+00  0.000000E+00  5.568179E+03  0.000000E+00
  0.000000E+00  0.000000E+00  9.000000E+01  9.000000E+01  9.000000E+01
  0.000000E+00  5.462454E+01  1.006317E+03  5.585031E-02  9.489625E-02
  5.244869E+00  1.020834E+01  5.217754E+01  8.192078E-01  4.367192E+00
  8.192078E-01  6.401834E+01  3.279210E-01  4.367192E+00  3.279210E-01
  4.767774E+01
       640  6.400000E-01        41
 -1.199337E+06  5.441465E+02 -1.202330E+06  2.915736E+05 -1.493904E+06
  0.000000E+00  3.317230E-03  0.000000E+00  0.000000E+00 -1.182350E+06
  1.680715E+02 -5.013747E+04 -1.542893E+06  1.493011E+06  0.000000E+00
 -3.205462E-02  0.000000E+00  0.000000E+00  5.568179E+03  0.000000E+00
  0.000000E+00  0.000000E+00  9.000000E+01  9.000000E+01  9.000000E+01
  0.000000E+00  5.303237E+01  1.032282E+03  5.654785E-02  9.430198E-02
  5.353890E+00  1.039096E+01  4.656542E+01  1.672076E+00  2.215345E+00
  1.672076E+00  5.907133E+01  1.123974E+00  2.215345E+00  1.123974E+00
  5.346036E+01
       650  6.500000E-01        41
 -1.199337E+06  5.346810E+02 -1.202324E+06  2.911031E+05 -1.493427E+06
  0.000000E+00  3.505619E-03  0.000000E+00  0.000000E+00 -1.182968E+06
  1.845123E+02 -4.843614E+04 -1.540756E+06  1.492531E+06  0.000000E+00
 -3.393296E-02  0.000000E+00  0.000000E+00  5.568179E+03  0.000000E+00
  0.000000E+00  0.000000E+00  9.000000E+01  9.000000E+01  9.000000E+01
  0.000000E+00  5.129592E+01  1.059784E+03  5.721712E-02  9.474329E-02
  5.480817E+00  1.059619E+01  4.494143E+01 -3.860028E+00 -4.731751E-01
 -3.860028E+00  4.657679E+01  2.766350E+00 -4.731751E-01  2.766350E+00
  6.236953E+01
       660  6.600000E-01        41
 -1.199337E+06  5.186849E+02 -1.202293E+06  2.901231E+05 -1.492416E+06
  0.000000E+00  3.195869E-03  0.000000E+00  0.000000E+00 -1.184045E+06
  2.339915E+02 -4.540199E+04 -1.536712E+06  1.491533E+06  0.000000E+00
 -3.088988E-02  0.000000E+00  0.000000E+00  5.568179E+03  0.000000E+00
  0.000000E+00  0.000000E+00  9.000000E+01  9.000000E+01  9.000000E+01
  0.000000E+00  4.820487E+01  1.086461E+03  5.877660E-02  9.577858E-02
  5.627106E+00  1.083254E+01  4.827986E+01 -2.068532E+00  2.982708E+00
 -2.068532E+00  4.687157E+01  2.047741E+00  2.982708E+00  2.047741E+00
  4.946318E+01
       670  6.700000E-01        41
 -1.199337E+06  5.378533E+02 -1.202389E+06  2.911791E+05 -1.493568E+06
  0.000000E+00  3.738985E-03  0.000000E+00  0.000000E+00 -1.182974E+06
  2.887458E+02 -4.855944E+04 -1.540961E+06  1.492696E+06  0.000000E+00
 -3.612950E-02  0.000000E+00  0.000000E+00  5.568179E+03  0.000000E+00
  0.000000E+00  0.000000E+00  9.000000E+01  9.000000E+01  9.000000E+01
  0.000000E+00  5.143677E+01  1.113496E+03  5.912430E-02  9.942410E-02
  5.796493E+00  1.110736E+01  4.911889E+01  3.304311E-01  3.292780E+00
  3.304311E-01  4.834540E+01  2.604014E+00  3.292780E+00  2.604014E+00
  5.684601E+01
       680  6.800000E-01        41
 -1.199338E+06  5.404382E+02 -1.202427E+06  2.911626E+05 -1.493590E+06
  0.000000E+00  3.706655E-03  0.000000E+00  0.000000E+00 -1.182904E+06
  2.283271E+02 -4.883461E+04 -1.541171E+06  1.492715E+06  0.000000E+00
 -3.580135E-02  0.000000E+00  0.000000E+00  5.568179E+03  0.000000E+00
  0.000000E+00  0.000000E+00  9.000000E+01  9.000000E+01  9.000000E+01
  0.000000E+00  5.172649E+01  1.141659E+03  5.888341E-02  1.031610E-01
  5.988554E+00  1.140713E+01  5.026881E+01  1.595886E-01  1.143075E+00
  1.595886E-01  5.319071E+01  1.167157E+00  1.143075E+00  1.167157E+00
  5.171994E+01
       690  6.900000E-01        41
 -1.199337E+06  5.263029E+02 -1.202403E+06  2.902968E+05 -1.492700E+06
  0.000000E+00  3.135228E-03  0.000000E+00  0.000000E+00 -1.183838E+06
  6.458387E+01 -4.621053E+04 -1.537682E+06  1.491820E+06  0.000000E+00
 -3.035091E-02  0.000000E+00  0.000000E+00  5.568179E+03  0.000000E+00
  0.000000E+00  0.000000E+00  9.000000E+01  9.000000E+01  9.000000E+01
  0.000000E+00  4.905612E+01  1.168529E+03  6.193989E-02  1.040559E-01
  6.191930E+00  1.168072E+01  4.963607E+01 -8.142361E-01  1.510136E-01
 -8.142361E-01  5.524868E+01  1.593896E-01  1.510136E-01  1.593896E-01
  4.228361E+01
       700  7.000000E-01        41
 -1.199336E+06  4.912206E+02 -1.202303E+06  2.907423E+05 -1.493045E+06
  0.000000E+00  3.688110E-03  0.000000E+00  0.000000E+00 -1.183598E+06
  3.551569E+01 -4.726103E+04 -1.539272E+06  1.492165E+06  0.000000E+00
 -3.568876E-02  0.000000E+00  0.000000E+00  5.568179E+03  0.000000E+00
  0.000000E+00  0.000000E+00  9.000000E+01  9.000000E+01  9.000000E+01
  0.000000E+00  4.983933E+01  1.195842E+03  6.342074E-02  1.079239E-01
  6.401532E+00  1.191431E+01  4.638055E+01 -1.726954E+00  6.834824E+00
 -1.726954E+00  5.363019E+01 -3.065091E+00  6.834824E+00 -3.065091E+00
  4.950726E+01
       710  7.100000E-01        41
 -1.199337E+06  4.901566E+02 -1.202327E+06  2.905075E+05 -1.492834E+06
  0.000000E+00  3.538238E-03  0.000000E+00  0.000000E+00 -1.183915E+06
  3.595364E+01 -4.640278E+04 -1.538261E+06  1.491960E+06  0.000000E+00
 -3.420398E-02  0.000000E+00  0.000000E+00  5.568179E+03  0.000000E+00
  0.000000E+00  0.000000E+00  9.000000E+01  9.000000E+01  9.000000E+01
  0.000000E+00  4.898980E+01  1.222862E+03  6.401920E-02  1.115682E-01
  6.624357E+00  1.215076E+01  4.837080E+01  4.098416E-01  7.216882E+00
  4.098416E-01  4.804493E+01 -2.535369E+00  7.216882E+00 -2.535369E+00
  5.055367E+01
       720  7.200000E-01        41
 -1.199337E+06  4.869018E+02 -1.202341E+06  2.906825E+05 -1.493023E+06
  0.000000E+00  3.567448E-03  0.000000E+00  0.000000E+00 -1.183755E+06
  4.072434E+01 -4.698270E+04 -1.539021E+06  1.492149E+06  0.000000E+00
 -3.451055E-02  0.000000E+00  0.000000E+00  5.568179E+03  0.000000E+00
  0.000000E+00  0.000000E+00  9.000000E+01  9.000000E+01  9.000000E+01
  0.000000E+00  4.953561E+01  1.248165E+03  6.511608E-02  1.138162E-01
  6.864832E+00  1.240986E+01  5.642097E+01  1.113465E+00  3.303588E+00
  1.113465E+00  4.613987E+01 -1.998288E+00  3.303588E+00 -1.998288E+00
  4.604598E+01
       730  7.300000E-01        41
 -1.199337E+06  5.065839E+02 -1.202439E+06  2.913004E+05 -1.493739E+06
  0.000000E+00  3.724137E-03  0.000000E+00  0.000000E+00 -1.183130E+06
  6.490968E+01 -4.879901E+04 -1.541540E+06  1.492865E+06  0.000000E+00
 -3.601438E-02  0.000000E+00  0.000000E+00  5.568179E+03  0.000000E+00
  0.000000E+00  0.000000E+00  9.000000E+01  9.000000E+01  9.000000E+01
  0.000000E+00  5.145613E+01  1.275496E+03  6.710117E-02  1.130626E-01
  7.129437E+00  1.270599E+01  4.794612E+01 -1.651126E+00  4.435500E+00
 -1.651126E+00  4.992867E+01 -5.084133E+00  4.435500E+00 -5.084133E+00
  5.649360E+01
       740  7.400000E-01        41
 -1.199337E+06  4.844406E+02 -1.202386E+06  2.906201E+05 -1.493006E+06
  0.000000E+00  3.441486E-03  0.000000E+00  0.000000E+00 -1.183918E+06
  1.009720E+02 -4.667725E+04 -1.538719E+06  1.492139E+06  0.000000E+00
 -3.330652E-02  0.000000E+00  0.000000E+00  5.568179E+03  0.000000E+00
  0.000000E+00  0.000000E+00  9.000000E+01  9.000000E+01  9.000000E+01
  0.000000E+00  4.921706E+01  1.303053E+03  6.863918E-02  1.125582E-01
  7.423616E+00  1.305056E+01  4.646833E+01 -6.598892E-01 -8.213522E-01
 -6.598892E-01  5.412244E+01 -3.668429E+00 -8.213522E-01 -3.668429E+00
  4.706040E+01
       750  7.500000E-01        41
 -1.199338E+06  5.007213E+02 -1.202473E+06  2.905444E+05 -1.493017E+06
  0.000000E+00  3.540069E-03  0.000000E+00  0.000000E+00 -1.184048E+06
  1.102130E+02 -4.625264E+04 -1.538365E+06  1.492151E+06  0.000000E+00
 -3.421482E-02  0.000000E+00  0.000000E+00  5.568179E+03  0.000000E+00
  0.000000E+00  0.000000E+00  9.000000E+01  9.000000E+01  9.000000E+01
  0.000000E+00  4.891540E+01  1.329942E+03  6.970998E-02  1.125823E-01
  7.741380E+00  1.342896E+01  5.002888E+01  1.028440E+00 -5.156019E+00
  1.028440E+00  5.318902E+01 -6.229053E-01 -5.156019E+00 -6.229053E-01
  4.352830E+01
       760  7.600000E-01        41
 -1.199337E+06  4.896246E+02 -1.202459E+06  2.906077E+05 -1.493066E+06
  0.000000E+00  3.437517E-03  0.000000E+00  0.000000E+00 -1.184037E+06
  1.088676E+02 -4.644485E+04 -1.538628E+06  1.492200E+06  0.000000E+00
 -3.324468E-02  0.000000E+00  0.000000E+00  5.568179E+03  0.000000E+00
  0.000000E+00  0.000000E+00  9.000000E+01  9.000000E+01  9.000000E+01
  0.000000E+00  4.902553E+01  1.356454E+03  6.788963E-02  1.134580E-01
  8.074354E+00  1.382430E+01  4.037372E+01 -1.122295E+00 -1.022120E+00
 -1.122295E+00  5.275698E+01  1.539378E+00 -1.022120E+00  1.539378E+00
  5.394589E+01
       770  7.700000E-01        41
 -1.199337E+06  4.908734E+02 -1.202491E+06  2.909767E+05 -1.493468E+06
  0.000000E+00  2.934336E-03  0.000000E+00  0.000000E+00 -1.183718E+06
  1.060350E+02 -4.747590E+04 -1.540057E+06  1.492593E+06  0.000000E+00
 -2.836715E-02  0.000000E+00  0.000000E+00  5.568179E+03  0.000000E+00
  0.000000E+00  0.000000E+00  9.000000E+01  9.000000E+01  9.000000E+01
  0.000000E+00  5.004596E+01  1.385128E+03  6.750834E-02  1.125779E-01
  8.419678E+00  1.423217E+01  4.489777E+01 -1.926690E+00  2.361405E+00
 -1.926690E+00  6.035953E+01 -7.846090E-03  2.361405E+00 -7.846090E-03
  4.488057E+01
       780  7.800000E-01        41
 -1.199338E+06  5.089906E+02 -1.202587E+06  2.918792E+05 -1.494466E+06
  0.000000E+00  3.253914E-03  0.000000E+00  0.000000E+00 -1.182689E+06
  1.025238E+02 -5.052130E+04 -1.544111E+06  1.493591E+06  0.000000E+00
 -3.143505E-02  0.000000E+00  0.000000E+00  5.568179E+03  0.000000E+00
  0.000000E+00  0.000000E+00  9.000000E+01  9.000000E+01  9.000000E+01
  0.000000E+00  5.316191E+01  1.413878E+03  6.943797E-02  1.115038E-01
  8.775658E+00  1.464987E+01  4.938402E+01  2.028029E-01  6.005043E+00
  2.028029E-01  5.426026E+01 -2.059464E+00  6.005043E+00 -2.059464E+00
  5.584144E+01
       790  7.900000E-01        41
 -1.199338E+06  4.799981E+02 -1.202509E+06  2.925535E+05 -1.495063E+06
  0.000000E+00  3.749085E-03  0.000000E+00  0.000000E+00 -1.182042E+06
  8.926009E+01 -5.275466E+04 -1.546945E+06  1.494194E+06  0.000000E+00
 -3.622360E-02  0.000000E+00  0.000000E+00  5.568179E+03  0.000000E+00
  0.000000E+00  0.000000E+00  9.000000E+01  9.000000E+01  9.000000E+01
  0.000000E+00  5.514827E+01  1.441369E+03  7.192131E-02  1.115530E-01
  9.141155E+00  1.507456E+01  5.561600E+01  4.784231E-01  3.574647E+00
  4.784231E-01  5.593348E+01 -2.215812E-01  3.574647E+00 -2.215812E-01
  5.389533E+01
       800  8.000000E-01        41
 -1.199338E+06  4.754526E+02 -1.202521E+06  2.921457E+05 -1.494666E+06
  0.000000E+00  3.505570E-03  0.000000E+00  0.000000E+00 -1.182505E+06
  7.385802E+01 -5.147986E+04 -1.545268E+06  1.493794E+06  0.000000E+00
 -3.394865E-02  0.000000E+00  0.000000E+00  5.568179E+03  0.000000E+00
  0.000000E+00  0.000000E+00  9.000000E+01  9.000000E+01  9.000000E+01
  0.000000E+00  5.386584E+01  1.469231E+03  7.342744E-02  1.123773E-01
  9.514420E+00  1.550150E+01  5.752892E+01  5.479939E-01  4.280751E-01
  5.479939E-01  5.684606E+01  1.200576E+00  4.280751E-01  1.200576E+00
  4.722253E+01
       810  8.100000E-01        41
 -1.199338E+06  4.548381E+02 -1.202474E+06  2.917232E+05 -1.494197E+06
  0.000000E+00  3.817154E-03  0.000000E+00  0.000000E+00 -1.183037E+06
  7.016953E+01 -5.011494E+04 -1.543440E+06  1.493326E+06  0.000000E+00
 -3.688465E-02  0.000000E+00  0.000000E+00  5.568179E+03  0.000000E+00
  0.000000E+00  0.000000E+00  9.000000E+01  9.000000E+01  9.000000E+01
  0.000000E+00  5.238106E+01  1.496380E+03  7.386886E-02  1.143754E-01
  9.894834E+00  1.593276E+01  5.286808E+01  7.331730E-01 -3.770926E+00
  7.331730E-01  5.103780E+01  1.354814E+00 -3.770926E+00  1.354814E+00
  5.323729E+01
       820  8.200000E-01        41
 -1.199338E+06  4.621412E+02 -1.202526E+06  2.907743E+05 -1.493301E+06
  0.000000E+00  3.482353E-03  0.000000E+00  0.000000E+00 -1.184112E+06
  6.556545E+01 -4.691498E+04 -1.539358E+06  1.492431E+06  0.000000E+00
 -3.369155E-02  0.000000E+00  0.000000E+00  5.568179E+03  0.000000E+00
  0.000000E+00  0.000000E+00  9.000000E+01  9.000000E+01  9.000000E+01
  0.000000E+00  4.929345E+01  1.522080E+03  7.347479E-02  1.148796E-01
  1.028174E+01  1.636951E+01  5.376242E+01  6.569935E-01 -4.182614E+00
  6.569935E-01  4.735959E+01 -3.404871E-01 -4.182614E+00 -3.404871E-01
  4.675835E+01
       830  8.300000E-01        41
 -1.199338E+06  4.473305E+02 -1.202499E+06  2.897947E+05 -1.492294E+06
  0.000000E+00  3.033776E-03  0.000000E+00  0.000000E+00 -1.185205E+06
  5.836300E+01 -4.382135E+04 -1.535251E+06  1.491418E+06  0.000000E+00
 -2.937556E-02  0.000000E+00  0.000000E+00  5.568179E+03  0.000000E+00
  0.000000E+00  0.000000E+00  9.000000E+01  9.000000E+01  9.000000E+01
  0.000000E+00  4.615383E+01  1.548982E+03  7.337777E-02  1.141291E-01
  1.067442E+01  1.680948E+01  4.402433E+01 -5.027548E-01 -4.927409E+00
 -5.027548E-01  5.034965E+01  9.725949E-01 -4.927409E+00  9.725949E-01
  4.408750E+01
       840  8.400000E-01        41
 -1.199338E+06  4.534057E+02 -1.202548E+06  2.902883E+05 -1.492836E+06
  0.000000E+00  3.527894E-03  0.000000E+00  0.000000E+00 -1.184724E+06
  5.109589E+01 -4.530205E+04 -1.537272E+06  1.491960E+06  0.000000E+00
 -3.410819E-02  0.000000E+00  0.000000E+00  5.568179E+03  0.000000E+00
  0.000000E+00  0.000000E+00  9.000000E+01  9.000000E+01  9.000000E+01
  0.000000E+00  4.764963E+01  1.575939E+03  7.318488E-02  1.141502E-01
  1.107306E+01  1.725233E+01  4.145147E+01 -5.319132E-02 -2.798495E+00
 -5.319132E-02  4.916438E+01  1.695969E+00 -2.798495E+00  1.695969E+00
  5.233305E+01
       850  8.500000E-01        41
 -1.199338E+06  4.431940E+02 -1.202539E+06  2.908170E+05 -1.493356E+06
  0.000000E+00  3.333823E-03  0.000000E+00  0.000000E+00 -1.184196E+06
  4.763000E+01 -4.704300E+04 -1.539535E+06  1.492478E+06  0.000000E+00
 -3.225576E-02  0.000000E+00  0.000000E+00  5.568179E+03  0.000000E+00
  0.000000E+00  0.000000E+00  9.000000E+01  9.000000E+01  9.000000E+01
  0.000000E+00  4.928549E+01  1.602888E+03  7.145234E-02  1.148353E-01
  1.147751E+01  1.769825E+01  4.548479E+01 -2.145169E-01  3.148161E-01
 -2.145169E-01  5.006475E+01  1.553078E+00  3.148161E-01  1.553078E+00
  5.230693E+01
       860  8.600000E-01        41
 -1.199339E+06  4.622152E+02 -1.202634E+06  2.917032E+05 -1.494337E+06
  0.000000E+00  3.681606E-03  0.000000E+00  0.000000E+00 -1.183132E+06
  4.732202E+01 -5.017757E+04 -1.543647E+06  1.493461E+06  0.000000E+00
 -3.557818E-02  0.000000E+00  0.000000E+00  5.568179E+03  0.000000E+00
  0.000000E+00  0.000000E+00  9.000000E+01  9.000000E+01  9.000000E+01
  0.000000E+00  5.249524E+01  1.629220E+03  6.821802E-02  1.160845E-01
  1.188856E+01  1.814986E+01  5.094642E+01 -1.577141E+00  1.521117E+00
 -1.577141E+00  5.241802E+01 -8.016872E-01  1.521117E+00 -8.016872E-01
  5.412128E+01
       870  8.700000E-01        41
 -1.199339E+06  4.683966E+02 -1.202684E+06  2.928015E+05 -1.495485E+06
  0.000000E+00  3.801769E-03  0.000000E+00  0.000000E+00 -1.182043E+06
  4.334214E+01 -5.348316E+04 -1.548106E+06  1.494612E+06  0.000000E+00
 -3.668944E-02  0.000000E+00  0.000000E+00  5.568179E+03  0.000000E+00
  0.000000E+00  0.000000E+00  9.000000E+01  9.000000E+01  9.000000E+01
  0.000000E+00  5.578205E+01  1.656901E+03  6.649766E-02  1.141139E-01
  1.230652E+01  1.860703E+01  5.361389E+01 -2.183421E-01  2.351458E-01
 -2.183421E-01  5.281214E+01  1.539779E+00  2.351458E-01  1.539779E+00
  6.092012E+01
       880  8.800000E-01        41
 -1.199338E+06  4.341231E+02 -1.202588E+06  2.919167E+05 -1.494504E+06
  0.000000E+00  3.088946E-03  0.000000E+00  0.000000E+00 -1.183070E+06
  4.103964E+01 -5.073007E+04 -1.544364E+06  1.493620E+06  0.000000E+00
 -2.989791E-02  0.000000E+00  0.000000E+00  5.568179E+03  0.000000E+00
  0.000000E+00  0.000000E+00  9.000000E+01  9.000000E+01  9.000000E+01
  0.000000E+00  5.283875E+01  1.684763E+03  6.445086E-02  1.105314E-01
  1.273111E+01  1.906906E+01  5.319320E+01  1.522209E+00  3.899753E-01
  1.522209E+00  5.368538E+01  4.836269E+00  3.899753E-01  4.836269E+00
  5.163768E+01
       890  8.900000E-01        41
 -1.199339E+06  4.425757E+02 -1.202646E+06  2.918673E+05 -1.494513E+06
  0.000000E+00  3.326661E-03  0.000000E+00  0.000000E+00 -1.183175E+06
  4.100926E+01 -5.043773E+04 -1.544080E+06  1.493630E+06  0.000000E+00
 -3.216516E-02  0.000000E+00  0.000000E+00  5.568179E+03  0.000000E+00
  0.000000E+00  0.000000E+00  9.000000E+01  9.000000E+01  9.000000E+01
  0.000000E+00  5.261173E+01  1.711461E+03  6.434134E-02  1.047790E-01
  1.316193E+01  1.953685E+01  5.065151E+01  9.903782E-01 -2.675504E+00
  9.903782E-01  5.418947E+01 -6.713720E-02 -2.675504E+00 -6.713720E-02
  5.299420E+01
       900  9.000000E-01        41
 -1.199339E+06  4.362437E+02 -1.202648E+06  2.916424E+05 -1.494291E+06
  0.000000E+00  3.209382E-03  0.000000E+00  0.000000E+00 -1.183472E+06
  4.194899E+01 -4.966968E+04 -1.543088E+06  1.493410E+06  0.000000E+00
 -3.099293E-02  0.000000E+00  0.000000E+00  5.568179E+03  0.000000E+00
  0.000000E+00  0.000000E+00  9.000000E+01  9.000000E+01  9.000000E+01
  0.000000E+00  5.181342E+01  1.737412E+03  6.255785E-02  9.817524E-02
  1.359838E+01  2.001050E+01  4.740044E+01 -2.591716E+00 -1.453407E-01
 -2.591716E+00  5.666581E+01 -2.612294E+00 -1.453407E-01 -2.612294E+00
  5.137399E+01
       910  9.100000E-01        41
 -1.199339E+06  4.332047E+02 -1.202665E+06  2.912535E+05 -1.493919E+06
  0.000000E+00  3.035711E-03  0.000000E+00  0.000000E+00 -1.183938E+06
  4.174959E+01 -4.837592E+04 -1.541416E+06  1.493034E+06  0.000000E+00
 -2.933761E-02  0.000000E+00  0.000000E+00  5.568179E+03  0.000000E+00
  0.000000E+00  0.000000E+00  9.000000E+01  9.000000E+01  9.000000E+01
  0.000000E+00  5.052266E+01  1.765190E+03  5.960460E-02  9.265701E-02
  1.404088E+01  2.049006E+01  4.947414E+01 -1.547252E+00  3.903392E-01
 -1.547252E+00  5.965994E+01  3.024765E+00  3.903392E-01  3.024765E+00
  4.243391E+01
       920  9.200000E-01        41
 -1.199339E+06  4.377121E+02 -1.202708E+06  2.916966E+05 -1.494405E+06
  0.000000E+00  3.489648E-03  0.000000E+00  0.000000E+00 -1.183461E+06
  4.301236E+01 -4.985443E+04 -1.543395E+06  1.493522E+06  0.000000E+00
 -3.368005E-02  0.000000E+00  0.000000E+00  5.568179E+03  0.000000E+00
  0.000000E+00  0.000000E+00  9.000000E+01  9.000000E+01  9.000000E+01
  0.000000E+00  5.200502E+01  1.791820E+03  5.765358E-02  8.906462E-02
  1.448945E+01  2.097516E+01  4.562015E+01  2.152152E+00 -4.319286E+00
  2.152152E+00  5.067239E+01  3.258513E+00 -4.319286E+00  3.258513E+00
  5.972254E+01
       930  9.300000E-01        41
 -1.199339E+06  4.460771E+02 -1.202767E+06  2.919450E+05 -1.494712E+06
  0.000000E+00  3.167416E-03  0.000000E+00  0.000000E+00 -1.183233E+06
  4.755523E+01 -5.056248E+04 -1.544425E+06  1.493835E+06  0.000000E+00
 -3.061773E-02  0.000000E+00  0.000000E+00  5.568179E+03  0.000000E+00
  0.000000E+00  0.000000E+00  9.000000E+01  9.000000E+01  9.000000E+01
  0.000000E+00  5.275872E+01  1.819698E+03  5.727281E-02  8.643652E-02
  1.494377E+01  2.146635E+01  4.990332E+01 -1.488979E+00 -1.725784E+00
 -1.488979E+00  5.306300E+01 -4.028107E+00 -1.725784E+00 -4.028107E+00
  5.530983E+01
       940  9.400000E-01        41
 -1.199339E+06  4.248259E+02 -1.202717E+06  2.916435E+05 -1.494360E+06
  0.000000E+00  3.131096E-03  0.000000E+00  0.000000E+00 -1.183578E+06
  5.242162E+01 -4.976269E+04 -1.543266E+06  1.493481E+06  0.000000E+00
 -3.027899E-02  0.000000E+00  0.000000E+00  5.568179E+03  0.000000E+00
  0.000000E+00  0.000000E+00  9.000000E+01  9.000000E+01  9.000000E+01
  0.000000E+00  5.182366E+01  1.846250E+03  5.582133E-02  8.759807E-02
  1.540310E+01  2.196334E+01  4.920626E+01 -9.157439E-02  9.632016E-01
 -9.157439E-02  5.830297E+01 -1.327319E+00  9.632016E-01 -1.327319E+00
  4.796175E+01
       950  9.500000E-01        41
 -1.199339E+06  3.983916E+02 -1.202647E+06  2.919291E+05 -1.494577E+06
  0.000000E+00  3.450721E-03  0.000000E+00  0.000000E+00 -1.183344E+06
  5.751819E+01 -5.073219E+04 -1.544454E+06  1.493700E+06  0.000000E+00
 -3.333506E-02  0.000000E+00  0.000000E+00  5.568179E+03  0.000000E+00
  0.000000E+00  0.000000E+00  9.000000E+01  9.000000E+01  9.000000E+01
  0.000000E+00  5.258774E+01  1.872651E+03  5.410605E-02  8.996640E-02
  1.586671E+01  2.246528E+01  4.514359E+01  4.051251E+00  1.952521E+00
  4.051251E+00  4.896807E+01  2.713362E+00  1.952521E+00  2.713362E+00
  6.365155E+01
       960  9.600000E-01        41
 -1.199340E+06  4.187750E+02 -1.202747E+06  2.916828E+05 -1.494430E+06
  0.000000E+00  3.124537E-03  0.000000E+00  0.000000E+00 -1.183582E+06
  6.987729E+01 -4.995003E+04 -1.543531E+06  1.493557E+06  0.000000E+00
 -3.026622E-02  0.000000E+00  0.000000E+00  5.568179E+03  0.000000E+00
  0.000000E+00  0.000000E+00  9.000000E+01  9.000000E+01  9.000000E+01
  0.000000E+00  5.196423E+01  1.898311E+03  5.243875E-02  9.066654E-02
  1.633306E+01  2.297143E+01  5.170097E+01 -2.909213E-01  9.166768E-01
 -2.909213E-01  4.973219E+01 -1.411452E+00  9.166768E-01 -1.411452E+00
  5.445954E+01
       970  9.700000E-01        41
 -1.199340E+06  4.189356E+02 -1.202774E+06  2.919250E+05 -1.494699E+06
  0.000000E+00  3.194427E-03  0.000000E+00  0.000000E+00 -1.183389E+06
  8.372311E+01 -5.060820E+04 -1.544464E+06  1.493831E+06  0.000000E+00
 -3.085953E-02  0.000000E+00  0.000000E+00  5.568179E+03  0.000000E+00
  0.000000E+00  0.000000E+00  9.000000E+01  9.000000E+01  9.000000E+01
  0.000000E+00  5.261074E+01  1.924238E+03  5.236379E-02  8.985800E-02
  1.679981E+01  2.347976E+01  5.273042E+01 -2.052179E+00  1.739566E+00
 -2.052179E+00  5.351195E+01 -3.318542E+00  1.739566E+00 -3.318542E+00
  5.158984E+01
       980  9.800000E-01        41
 -1.199339E+06  3.833649E+02 -1.202671E+06  2.918733E+05 -1.494544E+06
  0.000000E+00  3.501637E-03  0.000000E+00  0.000000E+00 -1.183582E+06
  9.598582E+01 -5.035898E+04 -1.544060E+06  1.493678E+06  0.000000E+00
 -3.383103E-02  0.000000E+00  0.000000E+00  5.568179E+03  0.000000E+00
  0.000000E+00  0.000000E+00  9.000000E+01  9.000000E+01  9.000000E+01
  0.000000E+00  5.211438E+01  1.950229E+03  5.084027E-02  9.094775E-02
  1.726629E+01  2.398937E+01  4.904985E+01 -7.704357E-01  1.777180E+00
 -7.704357E-01  5.349965E+01 -1.117942E+00  1.777180E+00 -1.117942E+00
  5.379363E+01
       990  9.900000E-01        41
 -1.199340E+06  4.064907E+02 -1.202780E+06  2.908519E+05 -1.493632E+06
  0.000000E+00  3.007597E-03  0.000000E+00  0.000000E+00 -1.184631E+06
  1.108311E+02 -4.712531E+04 -1.539911E+06  1.492765E+06  0.000000E+00
 -2.914671E-02  0.000000E+00  0.000000E+00  5.568179E+03  0.000000E+00
  0.000000E+00  0.000000E+00  9.000000E+01  9.000000E+01  9.000000E+01
  0.000000E+00  4.910512E+01  1.975653E+03  4.864938E-02  9.151958E-02
  1.773285E+01  2.450154E+01  4.906672E+01  8.231860E-01  1.217062E+00
  8.231860E-01  4.960000E+01  3.079837E+00  1.217062E+00  3.079837E+00
  4.864864E+01
      1000  1.000000E+00        41
 -1.199339E+06  3.795410E+02 -1.202708E+06  2.911362E+05 -1.493845E+06
  0.000000E+00  3.279114E-03  0.000000E+00  0.000000E+00 -1.184459E+06
  1.187237E+02 -4.790989E+04 -1.540911E+06  1.492977E+06  0.000000E+00
 -3.168516E-02  0.000000E+00  0.000000E+00  5.568179E+03  0.000000E+00
  0.000000E+00  0.000000E+00  9.000000E+01  9.000000E+01  9.000000E+01
  0.000000E+00  4.968405E+01  2.001025E+03  4.903028E-02  9.069461E-02
  1.819739E+01  2.501209E+01  5.129516E+01  9.145416E-01  4.449807E+00
  9.145416E-01  4.817933E+01  1.164940E+00  4.449807E+00  1.164940E+00
  4.957768E+01
