Diffusion in Zeolites. ZSM5 (Silicate) Crystal Structure, Si(96)O(192) +
         2         2       300    100000   1.0000000E-03   1.0000000E+02
       20.3183600000        0.0000000000        0.0000000000            
        0.0000000000       20.1714600000        0.0000000000            
        0.0000000000        0.0000000000       13.5858629500            
Si               1                                                      
     1.597003257        -1.250716975        -4.486005896                
    -1.603859608        -2.177321840        -3.516256304                
     12915.68952         9079.244314         5616.894906                
Si               2                                                      
    -8.530758743        -8.866915375        -2.183410294                
     3.734499550        -2.296224221         1.339267584                
     11614.27089        -10936.91162         6318.186167                
Si               3                                                      
    -8.525828516        -1.380990791        -2.236836249                
     2.529309644        0.3186166588E-01   -0.2530118825                
    -4959.103392         13204.07817        -6826.393746                
Si               4                                                      
     1.670811404        -8.930076863        -4.626153947                
   -0.2759692031E-01     1.158870077        -1.974360007                
     3760.294583         4611.309507        -14294.48609                
Si               5                                                      
     4.002563622       -0.6093701963        -2.575140355                
    -1.086503955        0.9174595034E-01     3.091906704                
    -839.1221873         5011.581665        -2756.272442                
Si               6                                                      
    -6.239012603        -9.569161626        -4.198090224                
     1.136405059        0.8930930658        -2.330865650                
     9802.164736        -6227.941585         8714.818062                
Si               7                                                      
    -6.274230625       -0.7317134404        -4.276090849                
    -1.880595838        0.6725535773         1.488737414                
     2132.500666         11324.28929         12005.84897                
Si               8                                                      
     4.064526875        -9.581522811        -2.688440545                
     1.152916246        -1.558383106        -1.170789956                
    -6112.871817         2405.586508         4793.642615                
Si               9                                                      
     5.695090589         1.127325234        -6.405853753                
     1.454372242       -0.2851400209        -2.004571791                
     3390.127678        -1399.313554        -8442.982772                
Si              10                                                      
    -4.435775364         8.793046665       -0.4462388321                
     1.287346532        0.3752165093         3.039835796                
    -5801.418525         8934.431873         3331.382620                
Si              11                                                      
    -4.396496856         1.155327604       -0.3985149555                
   -0.1224511065         2.217239003         1.537648412                
     11498.80263         1704.252988        -2998.015223                
Si              12                                                      
     5.662086141         8.835897048        -6.494007908                
   -0.2224854603E-01    0.5486281281        0.4584377103                
     5015.897178         4094.054448         8886.777725                
Si              13                                                      
     2.524637028         1.120420393        -6.390636023                
     1.469728316        0.8356208913        -2.380244742                
    -8673.409390        -5655.033943        -17699.51577                
Si              14                                                      
    -7.638645904         8.808066625       -0.3249058059                
     2.092371200         1.462143249        -1.950184052                
    -4639.001412         3661.336770        -2755.804497                
Si              15                                                      
    -7.539933330         1.090250284       -0.4269513350                
    0.8504213379        -1.274674254        -1.459038566                
    -12504.60522        -8717.540568        -7157.137795                
Si              16                                                      
     2.492586381         8.824749792        -6.504969105                
    -1.501192303        -3.738101478        0.5264728876                
     3241.871498        -2616.804882         3401.201280                
Si              17                                                      
     8.764945047       -0.6730568647        -2.564893963                
    -5.726290910        0.6856820650        -1.043600099                
     12657.20994         12163.06599         5137.847950                
Si              18                                                      
    -1.340332263        -9.537834853        -4.233007760                
     2.018655793         1.018319298        -1.223842242                
    -1342.745720        -2726.797469         4826.858191                
Si              19                                                      
    -1.438167636       -0.6436746302        -4.308254571                
     1.618033820         3.013308160        0.1012720310                
    -1993.472196         15729.82023        -6150.441304                
Si              20                                                      
     8.810112412        -9.571373140        -2.625217409                
   -0.5533425291E-02   -0.9788770327E-01    -4.112570686                
    -3686.476392         929.5533930        -1388.731175                
Si              21                                                      
     6.425380132        -1.268705086        -4.472360675                
    0.8036955826       -0.1063148284        -1.163176746                
    -7168.931695        -4292.039175        -17760.08753                
Si              22                                                      
    -3.774699170        -8.914471034        -2.386817369                
     2.929583120         2.514040271        -1.335156392                
     8056.801517        -795.2449822        -324.4345170                
Si              23                                                      
    -3.794695452        -1.278861819        -2.378704123                
   -0.1620478338         1.209308354         1.095736900                
    -1877.280863         9210.311786        -4805.073501                
Si              24                                                      
     6.473450877        -8.878832133        -4.585562391                
    0.7987798746E-01    -3.300325847       -0.6660363058                
     9781.003946        -1686.036056        -4440.572916                
Si              25                                                      
     1.656380439         3.479197369        -4.562874677                
    0.1546325942        -2.254686191         2.283030249                
     6164.128254        -1813.068653         2812.217223                
Si              26                                                      
    -8.596025991         6.564467732        -2.301828828                
    -1.605508057       -0.1449891875       -0.8837639847                
     10146.67925        -7762.670264         378.2426312                
Si              27                                                      
    -8.520614443         3.404731456        -2.279340363                
     4.640448838        -2.746550707        -3.183121615                
    -4140.751135        -5974.695065        -10359.62545                
Si              28                                                      
     1.557069309         6.591290150        -4.523797752                
    -2.161406597        0.6671554235        0.9865034031E-01            
     17474.53777         10239.31658        -998.2929044                
Si              29                                                      
     3.999264957         2.583603144        -2.688229489                
   -0.1691509336E-01    0.7085204916         3.611085419                
     11973.17846         5649.566391         17209.09562                
Si              30                                                      
    -6.239039766         7.406812143        -4.200071378                
    -2.276334153         1.686402961         1.114057683                
    -6984.126112         1907.276149         211.2380991                
Si              31                                                      
    -6.197184702         2.471267094        -4.187304214                
    -1.542252268         1.501176853       -0.6434125977                
    -4455.390250         2073.569527         4962.094018                
Si              32                                                      
     3.992067795         7.407742197        -2.695413464                
     2.714547496         3.718422100         2.463483804                
    -9989.766130         6787.768916         13.70996524                
Si              33                                                      
     5.738380657        -3.522974497        -6.505788723                
    -2.270427588       -0.4189371827E-01   -0.5681731288                
     5816.846389         5694.172476         13204.70468                
Si              34                                                      
    -4.340307757        -6.658372313       -0.3572289038                
    -3.387334227         1.765164210        0.1386357327                
    -9809.333989        -4652.050831        -1928.557264                
Si              35                                                      
    -4.399009681        -3.563289254       -0.4036914198                
    0.2753255552E-02    -2.457399544        0.9284671657E-01            
     2917.187185        -7419.680597        -4069.679982                
Si              36                                                      
     5.720744487        -6.598327511        -6.619083469                
     2.093540543        0.1369139100        0.8359813567                
     6130.502267        -13360.79180         4602.424451                
Si              37                                                      
     2.560272698        -3.459197888        -6.439230339                
   -0.7087059480       -0.8202813537         2.101744007                
     4941.338524        -2178.768655        -2351.707287                
Si              38                                                      
    -7.529278449        -6.669479790       -0.2369897942                
    -1.648726220        0.9401423665         1.539773722                
     10291.30373        -9840.249296        -5751.012791                
Si              39                                                      
    -7.523083581        -3.583136175       -0.2958427340                
    -3.131061953        -2.607038943       -0.5040022560                
    -15625.61828         430.5026980         6712.038941                
Si              40                                                      
     2.544844547        -6.580993430        -6.513137918                
   -0.1273566714         3.860535918         4.203019944                
    -3820.452111         1031.087600        -1135.140090                
Si              41                                                      
     8.813615920         2.540712014        -2.611738515                
     4.238649855         1.347511165         2.304019482                
    -272.0144798        -9692.633672         10933.25644                
Si              42                                                      
    -1.422495411         7.451480049        -4.254005345                
    0.6900958512E-01     3.687734683        -3.120055757                
    -8578.738223         9736.889952         2320.555592                
Si              43                                                      
    -1.327459348         2.536862764        -4.302580004                
     1.769530547        -3.645498436       -0.4690301662E-01            
     8693.450851        -11.14838943        -9417.181510                
Si              44                                                      
     8.746181343         7.438185426        -2.677306226                
    0.8048001194         1.346418285       -0.8393031739                
    -4822.050707         3288.685503         3415.041548                
Si              45                                                      
     6.473663927         3.440041536        -4.476374339                
    -1.038940841        0.2557579228        0.1866205975                
    -8830.418066         6254.244386        -6546.516730                
Si              46                                                      
    -3.768014836         6.499510678        -2.389150759                
    0.4126239048E-01   -0.3017205928        0.1975171340                
     645.2080484         3858.695478        -8949.243785                
Si              47                                                      
    -3.700583627         3.387042957        -2.424407178                
    -4.443282434       -0.9422388672         2.074316717                
    -3695.433414         13752.70339         3444.084179                
Si              48                                                      
     6.409875996         6.547899331        -4.587663916                
     1.498971501         1.246585153         1.464174559                
     2770.202824         4850.067728         6247.132925                
Si              49                                                      
     8.671513683         1.332378589         2.176899845                
     2.280823936       -0.3907750704         1.517372473                
     195.6426321        -3415.467231         4932.226963                
Si              50                                                      
    -1.614615858         8.837582846         4.544622088                
     1.633775334        0.1860869406        -2.752564133                
    -1784.960673        -7405.289588         9893.203533                
Si              51                                                      
    -1.491702306         1.221386844         4.536656514                
    -2.280886214         3.867345524         1.605971627                
     16241.13745         3979.674711         9053.451337                
Si              52                                                      
     8.561917962         8.827922463         2.128297046                
    -1.261634803        -3.022005912         1.891789410                
    -667.6368710         16075.22907         21755.77346                
Si              53                                                      
     6.387922752        0.5960923846         4.151845835                
    -1.173905415        -2.044296113         1.257749947                
     3531.576088         7468.292956         10207.12678                
Si              54                                                      
    -3.943137394         9.380738853         2.557687812                
     2.208494151       -0.1924298623E-02   -0.2069695900                
     11438.38950         11701.01252         4759.692833                
Si              55                                                      
    -3.804243274        0.5867574677         2.622540211                
    -2.057451932         1.396156490        0.1542023469                
     3040.446857        -6016.966587        -11855.47729                
Si              56                                                      
     6.191890727         9.394595761         4.108026174                
   -0.6938329044       -0.8736994353         2.752941413                
     16543.88404         5176.610471        -29428.25406                
Si              57                                                      
     4.600380245        -1.239695322        0.4327173102                
   -0.9899609625       -0.1557957722        -2.252541813                
    -8207.434269         6221.689110        -9398.948169                
Si              58                                                      
    -5.701050493        -8.875177943         6.414100731                
     2.600400429        -1.833305865         1.170216792                
    -7971.736295         572.0156112         9681.714474                
Si              59                                                      
    -5.626272303        -1.284456704         6.338396635                
    -1.360833767        -2.798810830       -0.2202697581                
     213.4026312        -4833.266171         2466.968111                
Si              60                                                      
     4.481737113        -8.884056889        0.3236118147                
    -4.118924649       -0.3551393214         2.660763893                
    -9487.391991         124.8458313         6495.180969                
Si              61                                                      
     7.738255359        -1.146190378        0.3779970602                
    0.9954191940         1.203975420        -3.911468041                
     6624.396627         9309.295877         12605.23679                
Si              62                                                      
    -2.549376409        -9.002076043         6.488232282                
   -0.1285089987         2.611967769        0.7009598042                
     12421.56504         11877.50546         7254.002819                
Si              63                                                      
    -2.484932874        -1.177487549         6.352774024                
     1.562846464        -2.342116526        -2.124182710                
     5789.381048         4031.868960        -4620.512987                
Si              64                                                      
     7.660411013        -8.923183260        0.2642816885                
   -0.6596076826         3.668185672         1.299122754                
    -8497.978454        -7126.544504        -11379.56675                
Si              65                                                      
     1.499753971        0.4848485240         4.245227815                
   -0.4550444303        -1.823921952         1.307305302                
     7075.467855         13419.41642        -107.6291202                
Si              66                                                      
    -8.754325843         9.410092203         2.571125859                
    -1.555694186       -0.7426902349       -0.2379289450                
    -7351.192123         10659.05457         16608.95548                
Si              67                                                      
    -8.625056524        0.6007891584         2.486765802                
    0.1380660294        -3.698052235         4.656198139                
     1101.872479        -1408.843539         9573.715449                
Si              68                                                      
     1.388365048         9.462850146         4.215270950                
     1.081404729        0.8472760347         5.425185819                
    -1470.748764        -2228.278485        -466.9427890                
Si              69                                                      
     3.887814441         1.211270354         2.313494754                
   -0.8024748528        0.4830434394         1.514239438                
     1254.323086        -9617.922323         4333.710010                
Si              70                                                      
    -6.383395771         8.833558414         4.497959726                
    -1.309021384       -0.1744485456       -0.4550993471E-01            
     2828.290502         11650.60476         4165.911468                
Si              71                                                      
    -6.280609594         1.166751181         4.473255931                
    -4.979558525         1.550664019        0.9929726395                
    -3602.600413        -2357.832795        -6659.234121                
Si              72                                                      
     3.678773912         8.890989448         2.235185818                
   -0.3053458959       -0.4322068198        -5.454506610                
     4118.345672        -3802.928664        -10479.49901                
Si              73                                                      
     8.753229492        -3.497639328         2.206758169                
     1.319405085         1.832605432         1.589665836                
    -14554.23444        -2452.979601         14384.39651                
Si              74                                                      
    -1.583184645        -6.680913626         4.597508628                
     2.310041100        -2.391683420       -0.5277700095                
    -11916.95372         5098.007767         5680.068925                
Si              75                                                      
    -1.584399356        -3.553003511         4.522388078                
     2.418133746        0.2782173086         3.901730745                
    -1860.822731        -3043.213660        -3165.715958                
Si              76                                                      
     8.547320945        -6.643909547         2.057136100                
   -0.9922975536        -1.594045914       -0.1851912308                
     10870.10364         14418.96627         11732.56830                
Si              77                                                      
     6.425746063        -2.596831734         4.126312358                
    0.3189671112        -2.125180450        0.3791981530                
    -16597.57972        -4870.456995         8133.727808                
Si              78                                                      
    -3.912193114        -7.563845245         2.652221648                
     3.655766931         4.760842142        -2.257494351                
    -2829.331075        -2605.812411        -4302.434312                
Si              79                                                      
    -3.827791599        -2.616549540         2.526329282                
   -0.2596856157E-01     1.736829731         1.734603199                
    -6919.756477         5551.288274         994.2104256                
Si              80                                                      
     6.230499652        -7.569350568         4.004588282                
    0.2121251149        -1.879926191        0.1072459919E-01            
     12333.26065        -13314.67926        -2712.684989                
Si              81                                                      
     4.483705436         3.523121357        0.2807896544                
   -0.2245786450        -2.804462526       -0.4058813264                
     15231.44299        -11467.20734         11906.96093                
Si              82                                                      
    -5.743006747         6.539405586         6.444130184                
   -0.6384103670E-01    -1.204027709        -2.912147644                
    -9230.402849        -17983.55576         3105.059348                
Si              83                                                      
    -5.626887295         3.430554499         6.486434138                
    -3.342343662        -1.693409489        0.8777496835                
     12952.80674         11032.90573        -79.25378988                
Si              84                                                      
     4.513864223         6.604871484        0.2875928472                
     1.697973253        -1.183186034         3.226351608                
    -6914.072245        -1303.392110         10728.10826                
Si              85                                                      
     7.691019331         3.533621490        0.2053078018                
    -1.797027388       -0.8386829054E-01     1.633663697                
     1316.872906        -11247.45879        -111.6690231                
Si              86                                                      
    -2.570074213         6.597963459         6.500052453                
    0.2673759191       -0.5806297337       -0.1372974971                
     2578.692495         411.3117886         3019.283424                
Si              87                                                      
    -2.421919465         3.488345014         6.436055079                
     1.131406666         1.871812724         2.350687533                
     12395.21750         196.5182518         14030.05142                
Si              88                                                      
     7.646314053         6.619843934        0.1770222420                
    0.7890256510        -1.480061995        -1.841423510                
     7706.178901        -3688.421373        -8940.251177                
Si              89                                                      
     1.421680973        -2.652513012         4.247863566                
   -0.1632906205        0.8305122902        -3.176031353                
     2618.208871        -2732.349511         15507.28037                
Si              90                                                      
    -8.768410787        -7.615389896         2.514933605                
     1.509796366         3.355708494         3.311008469                
    -5865.198578         4367.195251         6464.437332                
Si              91                                                      
    -8.613511548        -2.572711044         2.529322232                
    0.7227132699E-01     1.818162792         3.031934785                
    -2464.875436         5594.672942        -1439.106566                
Si              92                                                      
     1.404460084        -7.510472659         4.232707010                
   -0.2096670648        -2.245456879         4.262394736                
     10158.62527        -6185.031586         5438.444524                
Si              93                                                      
     3.859839281        -3.489698389         2.392957492                
    -1.449825293         3.679566079        0.8097554085                
    -5620.240043        -3981.807311         6263.352089                
Si              94                                                      
    -6.462168840        -6.640856956         4.406187956                
    -1.131311169        -3.479960137         1.244939092                
     6964.073802         2467.931387        -5581.726750                
Si              95                                                      
    -6.289540121        -3.550753941         4.329965273                
    0.8303158356        -2.002987153         2.478238907                
     2672.090387         11082.22172         8547.768867                
Si              96                                                      
     3.706079812        -6.620655740         2.316213942                
    -2.862596755       -0.2720234220        -2.657183816                
     18831.85031        -2152.875837        -11480.33460                
O               97                                                      
     2.680286574        -1.026551749        -3.313326833                
    -2.854017684        -2.005897869         3.643491531                
    -10970.47688        -6450.326724        -8443.678013                
O               98                                                      
    -7.422904684        -9.102589013        -3.304488193                
    0.5684978083         4.280808129        -3.065421173                
    -18885.59595         387.4965301         1406.160070                
O               99                                                      
    -7.516370998        -1.251263866        -3.459053223                
     2.733142246         1.525128783        -2.776750046                
    -2497.089944         2048.459006         2087.241757                
O              100                                                      
     2.786520092        -9.115575428        -3.532721207                
     1.411454252         1.841388378         5.978259407                
     2298.102624        -215.5623074         6894.847564                
O              101                                                      
     4.145635216        -1.083800364        -1.090045879                
    0.3465378298        -1.728112829        -1.105320990                
     5198.337168         825.8475730         8813.748296                
O              102                                                      
    -6.173743371        -9.065158300        -5.654327625                
     2.411267764        0.7053930044E-01    -1.827721778                
     159.0980856         2808.690512        -21532.80929                
O              103                                                      
    -6.136888009        -1.111785347        -5.768969027                
     3.613615500         2.964924088         1.263259344                
     541.0563952        -5238.246296        -6396.174887                
O              104                                                      
     4.108784265        -9.123361317        -1.168104695                
    -1.723520885         2.408789164        0.7743899725                
    -3459.949681         1568.640406        -14810.67993                
O              105                                                      
     4.107092021         1.085942804        -6.434886912                
   -0.7689769455        0.3160811162        -2.466970488                
    -1139.870105         2629.044362         2655.863963                
O              106                                                      
    -6.047150314         8.786630443       -0.3505438039                
    -1.413519129         3.956181288        -2.135981143                
     3480.100227         1554.604018         1358.933402                
O              107                                                      
    -5.966272431         1.168052389       -0.4332880937                
     3.271036417         4.346457497       -0.8066395624                
    -4652.644004        -3989.137247         2551.264001                
O              108                                                      
     4.080102500         8.791700337        -6.453923990                
     2.377071275         2.692942698        -2.119545298                
     1064.294335         4467.791327        -2278.698230                
O              109                                                      
     8.236576408        -1.030612392        -1.101674865                
    0.3579041303        -4.066548390         2.914406706                
     652.9377777        -752.4251305        -7557.492794                
O              110                                                      
    -1.950338377        -9.211987065        -5.639177672                
    -2.568172966         2.591390285        -1.862490745                
    -6098.432764         5605.490653        -10474.31524                
O              111                                                      
    -1.978700715       -0.9621538539        -5.779353321                
     1.194324577        0.6583379163E-01    0.6018674353                
     8170.568301        -9165.467818         17737.63367                
O              112                                                      
     8.201558356        -9.246549317        -1.194313215                
   -0.3254694201E-01     2.243434413         1.754198136                
    -851.2817578         5835.381300         3123.658157                
O              113                                                      
     7.725714323        -1.131065245        -3.641534787                
     1.025170455       -0.2836574591E-02   -0.1747091784                
     9565.492091         822.2925250         4182.527347                
O              114                                                      
    -2.374037754        -9.033877206        -3.143745611                
     3.363654343        -2.512297461        -2.971833878                
    -5115.408229        -6532.980221         639.6036606                
O              115                                                      
    -2.484990493        -1.058512578        -3.213317520                
    0.8250173399        0.1545276885       -0.9336207338                
     4481.393024        -6851.928523        -2834.237944                
O              116                                                      
     7.844203316        -9.076358593        -3.763952816                
    0.2464845476         1.055264299         2.158569612                
    -12759.75087         4886.766948        -6964.239237                
O              117                                                      
     5.262658225        -1.092203026        -3.437500176                
     2.713767470        -2.521313574        -1.280209656                
    -12201.70931         4051.648656         9238.409060                
O              118                                                      
    -4.936407849        -9.072560241        -3.439175641                
    -2.488330999         2.011667473        -1.473098906                
     3463.369874        -4528.606884         2511.269748                
O              119                                                      
    -4.988982689        -1.176369061        -3.428260588                
     2.281475255        -4.230075329        0.5697244582E-03            
    -3806.065585         2980.540508         1100.153249                
O              120                                                      
     5.350395972        -9.078718358        -3.471572997                
    -2.327116014         1.934006437        0.6484078668                
    -1864.626691         906.8165875        -6577.531310                
O              121                                                      
     2.783089733         3.128645290        -3.486227149                
    0.1257623269        -2.436600431         1.188038646                
    -10113.67506        -1820.329988        -5687.420899                
O              122                                                      
    -7.527064619         6.943606697        -3.431506066                
     8.661754885        0.4322220719       -0.6937408746E-01            
    -9388.541098        -491.2148984         10616.05619                
O              123                                                      
    -7.466676772         2.969196700        -3.406182062                
     6.367263762        -2.517294508        0.1766941865                
    -3160.283652         7353.586243         9319.801863                
O              124                                                      
     2.647718617         6.961862221        -3.406275011                
    -1.219775029        -1.347353066        -2.048270083                
    -3511.305010         508.8562120        -7344.669115                
O              125                                                      
     4.063827489         3.132142048        -1.172157120                
    -2.976669358        -1.575789785        0.8616849490                
    -5842.069220        -4617.623698        -10971.63384                
O              126                                                      
    -6.224846394         6.946833660        -5.693490935                
    -3.725415179       -0.3595182915        -3.160748875                
     8588.420712        -2172.068584        -6715.535879                
O              127                                                      
    -6.039613722         3.036655129        -5.644220366                
    -6.207306443        -2.384868662        0.3924695486                
     550.9209156        -5624.817670         370.4862932                
O              128                                                      
     4.109851306         6.948565377        -1.191318293                
    0.3501144092       -0.8962863001E-01    -1.047099141                
     2187.652826        -3186.192497        -5074.868565                
O              129                                                      
     4.159894728        -3.376121918        -6.381699641                
     1.498316827         2.559471353         1.435485905                
    -3929.672540        -2774.702566        -8843.979328                
O              130                                                      
    -5.935495658        -6.768430161       -0.3419512645                
     3.110806877         1.927386187        -4.902907968                
    -4998.830051        -306.8045310         3463.583573                
O              131                                                      
    -5.978976308        -3.497247253       -0.3420039120                
     1.797731279         4.477290704        -2.007466729                
     11168.82565         5069.505442        -7721.774668                
O              132                                                      
     4.132029004        -6.729312470        -6.518512754                
     2.866016634         2.752714862       -0.2873565843                
     782.3753380         5493.513380        -3122.513558                
O              133                                                      
     8.257061971         3.001341187        -1.173913591                
    -4.999483466       -0.1934003140        -1.027723147                
     60.48977784        -1093.081671        -7618.994285                
O              134                                                      
    -2.069828484         7.065879417        -5.646251407                
     1.529447747        -3.016388108        -5.339418940                
     2559.999021        -3934.915022        -6510.544958                
O              135                                                      
    -1.759148375         3.027080890        -5.760084499                
     2.647349761       -0.2759409108E-01    -2.552431318                
    -12424.44588         1758.811984         5151.919047                
O              136                                                      
     8.129889856         7.032655270        -1.283794920                
     3.868315516         2.917868509        -3.157100676                
    -1374.924731         2194.507024         11718.78510                
O              137                                                      
     7.785458365         3.090332868        -3.688258362                
     4.142115674         2.360329375        -3.141885526                
     8221.049386        -596.3794159        -282.3392157                
O              138                                                      
    -2.449439019         6.893517275        -3.186290119                
    0.4047015988        -2.551144822         2.314482491                
     125.8182912         2549.358337         1156.632577                
O              139                                                      
    -2.377403026         3.096631326        -3.239871784                
     3.430399482        -5.141145664        -2.829440717                
     2871.147949        -5067.842485        -4044.413108                
O              140                                                      
     7.731242902         6.884168624        -3.729063870                
   -0.2460480232        -1.436394546       -0.9664863229E-01            
    -7860.973259        -706.2930475        -14480.09759                
O              141                                                      
     5.303143059         3.059630645        -3.482202051                
    -4.376633064        -4.300764686        0.2235905808                
    -8274.712434        -1559.142420         3453.874138                
O              142                                                      
    -5.013497411         6.854722267        -3.376514618                
    -2.414935724        -1.424074725        -1.145491466                
     12547.76477        -559.0346173         10841.64288                
O              143                                                      
    -4.944863747         2.983680768        -3.338557215                
    -1.375143444         2.285340027        -1.456737933                
     3331.195678        -1861.939991        -2624.532864                
O              144                                                      
     5.185652900         6.929197075        -3.616412619                
    -2.475263537         6.158229078        0.5898414320                
     5110.684370        -1705.665498        -2555.323768                
O              145                                                      
     3.989222972         1.003086304        -2.595810796                
    -1.613250524        0.9961116117        0.7234249767                
     2280.120382        -6472.673351        -2198.736755                
O              146                                                      
    -6.185038507         8.989442681        -4.202517438                
    -3.047055794         5.577826878        0.1764164086                
    -2027.249377         10249.98356         579.0402532                
O              147                                                      
    -6.275032703        0.8949287900        -4.238364688                
     3.244790125       -0.8007158319         2.295623574                
     4325.536541        -12959.25948        -204.8165190                
O              148                                                      
     4.021315595         9.006464421        -2.688916942                
   -0.5659587264         3.673431133         3.226128476                
     3686.301675        -1447.772382        -1431.823787                
O              149                                                      
     8.826609142        0.9355024249        -2.660276568                
     3.944049553        0.8903141485         1.002092955                
    -5226.571120        -2623.914434        -2125.046346                
O              150                                                      
    -1.342162156         9.041256270        -4.163993628                
    -2.100306370        -3.899295145       -0.8781331611                
    -527.9579966        -1147.005216         5252.068792                
O              151                                                      
    -1.404472768        0.9542165526        -4.258807437                
     3.633664127        -1.239727761         2.583628486                
     1892.020890         589.7458604         5559.976373                
O              152                                                      
     8.834467095         9.020895214        -2.744076705                
   -0.1346318056        0.9867586958         1.153515644                
     782.0024517         692.2590140        -2454.899407                
O              153                                                      
     1.998575746        -2.516960335        -5.326672164                
    0.3088657410        -2.887098205         3.078223218                
    -7062.151056         869.4080529         3219.813965                
O              154                                                      
    -8.147864499        -7.588200166        -1.362965292                
    0.5842260153        -2.027824941         2.209846006                
    -3957.676123        -794.4446052         3365.486985                
O              155                                                      
    -8.153387676        -2.621563018        -1.375692777                
    -1.141835745        -2.210981630       -0.2759354961                
     100.2155767        -8816.913674         2877.615652                
O              156                                                      
     1.961693343        -7.622082734        -5.484838894                
    -1.838623226        0.1784705699         8.292725460                
     733.3605803         3438.076493         7116.233281                
O              157                                                      
     1.947322899       -0.3870007960E-01    -5.474721360                
    -1.102469552        -6.119683328        -1.527140807                
     3168.052701        -889.6700221         4314.393613                
O              158                                                      
    -8.226513518         10.02737643        -1.191605475                
   -0.9215842354        -4.641283775        0.5893722810                
     2790.318331         4946.663206        -5957.029397                
O              159                                                      
    -8.129233321       -0.1486045931        -1.284681935                
     4.199018019        0.2309917172       -0.5389547499                
     9431.029662         2556.556070         983.3208027                
O              160                                                      
     1.968423802         10.04462853        -5.656155977                
    -1.389078330        -6.451339121       -0.4116205990                
     268.1979716         3860.990334         10278.35811                
O              161                                                      
     2.069566172         2.475471311        -5.717819098                
     3.534408683        0.7770798465        -1.860146592                
     2586.567108         1750.287645        -1300.302639                
O              162                                                      
    -8.087092308         7.481985022        -1.081762023                
     1.302664272       -0.5602275842         1.371091640                
    -8490.193429        -20.93562186        -5678.917746                
O              163                                                      
    -8.134853431         2.366100947        -1.134785909                
     2.534522751        -2.303515834         2.375156556                
     6494.953969         10831.93149         1029.976828                
O              164                                                      
     1.991390000         7.541894231        -5.759895807                
    -3.605114679         3.962073693        -3.395612615                
    -7247.459751        -11018.57826         14023.68689                
O              165                                                      
     6.286089663        -2.549411078        -5.372646433                
     1.379442254        -1.102199201       -0.1425228948                
     972.6403524        -6775.662515        -4155.941053                
O              166                                                      
    -3.869794608        -7.623136864        -1.519992891                
    -2.021782035        -2.694261108        -1.278199104                
     1015.562219         6305.810948         11955.17716                
O              167                                                      
    -3.886062336        -2.590698534        -1.539466089                
     1.182454348       -0.9409680565        -3.674595402                
    -3259.880104        -6138.071107         7437.645874                
O              168                                                      
     6.292209944        -7.576332936        -5.501611382                
    -1.051201147        0.4894846334E-01   -0.1407364888                
     74.96596548        -9978.751609         2773.249942                
O              169                                                      
     6.159284146       -0.8632890361E-01    -5.516596614                
     2.349029212         1.928554480       -0.3306459982E-01            
     4762.818681        -1004.889956         6735.464918                
O              170                                                      
    -4.056507011         10.06554397        -1.338588905                
     2.574600143        -2.479855803        -2.171338240                
     4930.806246        -6650.184311        -4427.144168                
O              171                                                      
    -4.006340475       -0.8982983073E-01    -1.333052050                
    0.3051215156       -0.8637625210         2.701949976                
     962.8318334         26.19282911         5021.310113                
O              172                                                      
     6.178569294         10.06820327        -5.600071327                
     1.466707909        -4.582632846        0.9403462520                
    -2236.714081         3351.355381         684.8001845                
O              173                                                      
     6.169658691         2.429473167        -5.652225971                
   -0.5767186292         1.271798498       -0.6814973288                
     4253.269301         2016.179540         149.3514157                
O              174                                                      
    -3.942672515         7.486874978        -1.174336199                
    0.7338328518       -0.3888805715        0.4899160526                
    -5234.810080         4748.909665        -4448.047804                
O              175                                                      
    -3.921758369         2.426141395        -1.206053802                
   -0.2949119871       -0.5914885151E-01    -3.732962075                
     5902.119364        -784.7768293         2158.203431                
O              176                                                      
     6.235583806         7.550541745        -5.800645178                
    -4.484578153         2.055685250        0.8271682535                
    -1225.869976        -6476.666746         8931.615407                
O              177                                                      
    -10.05600895        -1.203880554        -2.606876551                
    -1.812805195         1.151566659        -1.327611324                
    -1208.454789        -2178.324980         957.0175655                
O              178                                                      
    0.1567720123        -9.043806260        -4.232883214                
    0.6431057550         11.70025125        -3.042182344                
     94.58723299        -2193.747463         6749.801601                
O              179                                                      
    0.6269233564E-01    -1.126342931        -4.181362202                
     1.298478226         1.200425023         2.284140409                
    -3295.136909        -4675.359586         1737.106239                
O              180                                                      
    -10.04047912        -8.984626480        -2.599307449                
    -2.304873989       -0.8962388373        0.2632822659                
     3430.384520        -4814.270304        -1013.778294                
O              181                                                      
    -10.01130906         3.028117614        -2.632503426                
    -1.972058072         1.052879744        -5.672517000                
    -3499.292865         2737.356983        -3610.712077                
O              182                                                      
    0.6315274515E-01     6.949939830        -4.216359273                
    -2.617438097       -0.6879103873       -0.7876026776                
    -806.4704753        -3176.703634         295.6945509                
O              183                                                      
    0.1985547066         3.014743631        -4.210644571                
    -2.584140864        0.6525607347        -4.136421478                
    -11983.89583         1687.439145         6416.701237                
O              184                                                      
    -10.09279524         6.935483178        -2.624381578                
    -2.027741226        -3.470180163        -2.661129665                
     9339.938519        -1616.039596        -2252.537235                
O              185                                                      
     1.678529928         5.048395004        -4.709059311                
   -0.7131016747        -2.613923534         1.263956615                
    -5361.863668        -7732.907340        -5703.754686                
O              186                                                      
    -8.525229687         4.977347425        -2.126258331                
     1.625316460         4.707975550         1.121429348                
     5239.565621         3878.434003         4829.540915                
O              187                                                      
     6.371986132         5.004025497        -4.812954687                
    0.9116076568        -2.072884568         2.653514862                
     7409.082582        -11758.35856         2110.628916                
O              188                                                      
    -3.741543335         4.973017941        -2.145124961                
     4.530689201        -3.973301686        -3.881489682                
    -1912.740050        -19644.36734        -1793.791739                
O              189                                                      
     6.005602362        -5.083079222        -6.382231582                
   -0.5426129875         3.113597313         1.661832922                
    -2315.287932         7078.768528        -4844.357558                
O              190                                                      
    -4.104688480        -5.121001247       -0.5474850481                
    0.7115029663       -0.7303181288        0.6577845365                
     6427.665712         11027.83747         2203.276849                
O              191                                                      
     2.277741559        -5.004600826        -6.301003672                
    -2.293125879        0.9984839029       -0.2769196035                
     4589.199803        -16257.03499        -1826.248166                
O              192                                                      
    -7.787594107        -5.130342844       -0.4118586165                
    0.6000787509        -2.024079101        -2.696455262                
    -4673.270037        -1027.254446         4883.765168                
O              193                                                      
     7.642219630         1.186817299         3.373690310                
     2.498711791        -1.596567196        -3.046078525                
    -865.0204454        -6111.400934         1251.709591                
O              194                                                      
    -2.648389497         8.916809044         3.377216920                
     1.019073548         3.103920912         1.946523314                
    -9317.511927         5442.336494        -5735.476716                
O              195                                                      
    -2.532669766         1.065339430         3.401041428                
    -2.094668640        -1.096062400        -1.224936443                
    -5312.874262         2166.617177        -9026.881350                
O              196                                                      
     7.491279624         8.892295263         3.277561685                
     1.591659130        -4.671605432         2.697398722                
    -15111.85549         3014.012404         10133.15759                
O              197                                                      
     6.216048267        0.9755823092         5.695798694                
   -0.3242914980       -0.5490861837         3.964847996                
    -1871.188110         79.45861826        -7145.078060                
O              198                                                      
    -3.966480431         8.969257282         1.050634099                
     2.839699150       -0.3047176176        0.1192509495                
    -5695.771646        -2178.926740        -2404.585510                
O              199                                                      
    -3.896787457         1.058481598         1.106693676                
    -1.593555512         3.733516862         1.516066256                
    -6564.451308        -7728.361108        -3934.671237                
O              200                                                      
     6.034737662         8.978240136         5.581309656                
    0.9238430587         2.951149761       -0.2543296817                
     1139.206407         665.6189020         6418.119668                
O              201                                                      
     6.172407058        -1.140202473        0.4552050963                
   -0.8974042299        -1.028609577         2.437945152                
    -2381.021177        -4325.227306        -6936.917226                
O              202                                                      
    -4.116295812        -8.936811991         6.491337943                
     3.439529454        0.3648921563         2.788162313                
    -5900.088143        -267.6671706        -1386.666578                
O              203                                                      
    -4.049630766        -1.211657418         6.386409741                
   -0.9339560404        -1.207673962         2.016351013                
    -2628.150625        -1848.714316        -534.3928881                
O              204                                                      
     6.058835607        -8.946852416        0.2989259168                
    -3.347258693         1.398524146         1.060307383                
     10025.38292         1194.716265         3013.182733                
O              205                                                      
     1.989510309        0.8427442901         5.701949508                
     1.663635390        -1.828574344         7.292358127                
     7689.654978         7204.260103         10681.28592                
O              206                                                      
    -8.242077279         9.018687356         1.140406395                
    -1.367016600        -3.949634771         3.708643607                
     7165.177629        -7272.605043        -7210.204936                
O              207                                                      
    -7.989288806        0.8819279009         1.059501903                
     2.044891968       -0.2593757074         3.383701243                
    -8037.834624         3642.417152         5759.767449                
O              208                                                      
     1.970861031         9.041154917         5.632990016                
    -1.124610497        -1.633765560       -0.3096369962                
    -1570.403058         2574.130642        -13403.88361                
O              209                                                      
     2.581469069         1.006668174         3.184824186                
    -4.234106517        0.4364992247       -0.3196328793E-01            
    -4329.741110        -2911.833910         1220.103392                
O              210                                                      
    -7.683293807         9.000745239         3.660799799                
   -0.9648894073E-01    0.6982125829       -0.6039965568                
    -7542.457791        -5584.943145        -4840.303178                
O              211                                                      
    -7.603086162         1.118474430         3.594361062                
    -2.811442499        0.4248010812        -1.084194807                
     820.6180600        -4883.927837         1739.713942                
O              212                                                      
     2.360034998         8.961022758         3.086435566                
     5.530990998       -0.8290581841        -3.248313889                
     3700.760856         4416.716896         1336.351211                
O              213                                                      
     5.112683889         1.053560132         3.335058914                
    -1.195531770         2.688561477         4.348704770                
    -3869.923628         851.5045514        -4611.868312                
O              214                                                      
    -5.217163176         8.970295340         3.396715409                
    -1.790428640        -2.552195062         1.354526796                
    -1028.505027        -4211.639467         8714.371480                
O              215                                                      
    -5.090471054         1.014229311         3.413853160                
   -0.2545541234        -1.605603113       -0.4042586991                
    -3378.126407         2705.264377         7680.441988                
O              216                                                      
     4.908454990         9.021536785         3.253203809                
    -2.119079459         2.708492983        -3.076879150                
    -6084.368872        -2390.082482        -697.1303734                
O              217                                                      
     7.665860794        -3.152797285         3.354166835                
    0.8079332179        -1.124147797        -2.650126045                
     5963.347335        -2200.644644        -3306.704243                
O              218                                                      
    -2.644666783        -7.022829634         3.448445088                
    0.9749348028         5.019245195       -0.8694933467E-02            
     674.5116386        -3322.704536         2054.797392                
O              219                                                      
    -2.617708092        -3.193312132         3.328145333                
     1.158259986         3.644138425         2.706776243                
     15277.41954        -5026.631947         9699.330074                
O              220                                                      
     7.462320679        -7.042492172         3.146887763                
    -9.235016694        -2.371172336        -2.454553206                
     1765.196613        -442.5664578         443.9260180                
O              221                                                      
     6.225251268        -3.084101870         5.649790017                
   -0.4931457650         5.893220294        -2.595874554                
     1404.307127         4407.017874        -11576.08084                
O              222                                                      
    -3.966669825        -7.089862099         1.126119539                
    -5.394034197         3.984737218        -3.879597566                
     4288.835018        -382.9114366         3049.511384                
O              223                                                      
    -3.992776297        -3.025718308         1.015148709                
    -2.051389364        0.7643779931        0.5331677519                
     9230.747250        -3567.917695         1401.305279                
O              224                                                      
     6.146552511        -7.054272859         5.483626819                
     2.396852391       -0.9004085652         1.667948318                
    -4418.506190         4964.775029         13849.06415                
O              225                                                      
     6.098190734         3.398127948        0.2371589358                
    0.3111318167         3.686306106        -2.007014736                
     1332.518029        -900.0286480         4251.115467                
O              226                                                      
    -4.166633399         6.697074346         6.422459646                
     3.192644337        -1.698722242        0.9452190951                
     6513.334857        -649.3169012         248.1415152                
O              227                                                      
    -3.997785362         3.368154776         6.427874704                
    -2.248874613       -0.9299124497        -7.409229283                
    -11961.20912        -1953.033466         1308.393073                
O              228                                                      
     6.088485216         6.747072213        0.3143984993                
     1.743503468         1.296472929        0.6526220895                
    -1044.511953         2419.468683        -1004.481170                
O              229                                                      
     2.009633781        -3.043147058         5.720824429                
   -0.9489434424E-01    0.8177896884        -3.174002379                
    -3766.137460         3022.008982        -11907.44093                
O              230                                                      
    -8.062260072        -7.260963510         1.146370881                
     3.253988002         1.963581062        -3.860846716                
    -1578.277766         11081.72350        -8938.938643                
O              231                                                      
    -8.050085909        -3.104318183         1.126850378                
    -2.589492517        -1.859979188         1.771784233                
    -2165.885328         5604.126697         1265.000041                
O              232                                                      
     2.011693994        -7.035177711         5.645231829                
     2.072305218        -1.049061917         2.771139016                
    -4142.100449         77.84985923        -7195.360196                
O              233                                                      
     2.510999413        -3.106623688         3.187904835                
    -3.211598929        -2.933533362        0.4541802388                
     909.5464553        -3171.820520        -2527.630860                
O              234                                                      
    -7.779231334        -6.982663760         3.597090850                
     2.143939933       -0.6800670514        -1.611650255                
    -862.3225195        -2242.627426         939.3525565                
O              235                                                      
    -7.620874980        -3.086435715         3.612041303                
    0.4538109784E-02    -1.439259869       -0.7544213090                
     8271.638068        -4673.423944         223.6616754                
O              236                                                      
     2.419828988        -6.952729729         3.132405971                
   -0.1116033762       -0.7805946562       -0.7941650000                
    -11629.69216        -4813.772849         5225.605688                
O              237                                                      
     5.075531869        -3.143670852         3.357077701                
    -2.969378133         2.973988842         2.044150789                
     14329.57400         8675.928462         1453.272682                
O              238                                                      
    -5.193433257        -7.039248500         3.468990935                
    0.5344583803         3.461026064        -1.920528051                
    -2041.788936        -1548.183331         322.9454041                
O              239                                                      
    -5.088618361        -3.168527969         3.331099429                
    0.1134514673        -5.118081825        -2.882187356                
    -5952.617550        -1387.719856         4868.358184                
O              240                                                      
     4.959671197        -7.111474139         3.223531854                
    0.5565684297E-01    0.3724454284E-01   -0.7585758336                
    -15961.77721         7669.746126        -7083.332893                
O              241                                                      
     6.453425804       -0.9932026040         4.122337563                
    -2.296286126         4.074705681        -1.961538904                
    -1135.614543        -8243.684545        -2892.699321                
O              242                                                      
    -3.911336665        -9.176550347         2.612976897                
    0.1272577486         2.675770281         2.471320144                
    -764.2823165         3033.788060         1893.944234                
O              243                                                      
    -3.773063487        -1.025178333         2.598883834                
    -4.403837365         1.185718771       -0.7965952626E-01            
    -2630.407745         4942.049689        -1548.565560                
O              244                                                      
     6.273583385        -9.179689041         4.045148226                
    -2.476448410        -1.457292401        -4.264824878                
    -2667.097082         5064.974585         4552.407566                
O              245                                                      
     1.361710751        -1.063518703         4.183739172                
     1.160968455        -3.772886877         2.142846280                
     3627.328269        -17227.49037        -6694.476194                
O              246                                                      
    -8.792397518        -9.175150215         2.687529137                
    -1.391620537       -0.9736680016         1.923061558                
     2385.536189        -1126.891060        -4464.757460                
O              247                                                      
    -8.672614387       -0.9824345462         2.619086212                
    -1.370650472       -0.5482450500E-01    -2.710041985                
     4495.465959        -3812.393942        -4886.976870                
O              248                                                      
     1.388290244        -9.115995702         4.110966389                
    0.7769689637        0.1915430640        -2.611255681                
     799.8717719         5093.700938         3786.285285                
O              249                                                      
     8.347177477         2.623702464         1.348906674                
    -1.629679030       -0.3421050121        0.8597887578                
    -4603.392975         5045.069570        -6411.443826                
O              250                                                      
    -1.944764269         7.563302683         5.422046807                
    -2.210330925        -4.369726099        -1.840678865                
    -3679.313521        -1946.741958         1467.640969                
O              251                                                      
    -1.796302146         2.521273873         5.385294473                
   -0.4698983332        0.4111472772E-01    -1.876196104                
    -1535.970883         10.39135478        -10777.77977                
O              252                                                      
     8.272013447         7.589233773         1.243858665                
    -3.257779968         2.293920231        -4.152388433                
     4043.571683        -5596.572474        -8103.948653                
O              253                                                      
     8.284650674        0.1074734772         1.218693421                
     1.262082947         2.613822875        -3.641741334                
    -1639.373485        -1874.339432        -1951.885133                
O              254                                                      
    -1.998184171         10.04437587         5.548040785                
    -5.425655492        -2.148582495       -0.5727163901E-01            
    -610.0371068        -11559.54319        -10634.86549                
O              255                                                      
    -1.929910065        0.2931496722E-01     5.483739462                
    0.8119329353        0.7924912123E-02    -2.701726665                
    -2136.610270        -4470.753712         39.84509541                
O              256                                                      
     8.225936101        -10.05278170         1.226734657                
    0.1978971455E-01    0.6375650107        -2.817164749                
     215.1950673        -3418.069966        -2598.529282                
O              257                                                      
     8.224779572        -2.431012898         1.156303933                
    -1.486708135       -0.5451728689        -3.316132435                
     9467.359392        -7849.827886        -7094.918239                
O              258                                                      
    -2.049391553        -7.680224325         5.748038447                
    0.2729298403        -2.016270184       -0.3086946365                
     2202.312046         4044.114550        -2262.363548                
O              259                                                      
    -1.997569217        -2.493410621         5.614814454                
     2.501630532        0.7462645161        0.9062607794                
    -1614.601479        -1512.218586         1648.970772                
O              260                                                      
     8.099032939        -7.524601933        0.8454212866                
     1.555694996       -0.3417446114        0.8563021928E-01            
     2693.923724        -5813.663295        -771.8901625                
O              261                                                      
     3.987666820         2.470276143         1.392390027                
    -3.082110159       -0.6597811831        0.5482704049                
     1036.150772         10956.91247        -8014.551497                
O              262                                                      
    -6.291463344         7.521052400         5.368301525                
    0.9134971705         1.975519602         1.986983751                
     2688.524063         6649.513815        -6905.002299                
O              263                                                      
    -6.115709438         2.391729900         5.439802653                
    -1.939518115         1.652140995         1.800786455                
    -3119.367837         520.2725485        -7692.924856                
O              264                                                      
     3.866052830         7.626334724         1.301076479                
    0.1761248080         2.559068731         2.122247653                
     4118.051296        -3035.350284         3862.075343                
O              265                                                      
     4.105715309       -0.3929353642E-01     1.325232128                
   -0.2455673044         5.041916031        -3.044884447                
    -4721.949340         6661.396281         3773.561132                
O              266                                                      
    -6.141345416         10.06010209         5.542133437                
   -0.4471870978        -2.268077296         1.626211052                
    -529.1670535        -13240.42064        -12105.00343                
O              267                                                      
    -6.045550681       -0.7531328901E-01     5.440630117                
    -9.746085138         1.731037842        -1.259434092                
    -9543.713991         6386.949562        -7779.899563                
O              268                                                      
     3.898519217        -10.06863427         1.224260476                
     3.159960869         2.327806805         1.590788264                
     2754.980395         3264.132118         5071.031572                
O              269                                                      
     4.124029796        -2.539596592         1.159343207                
     5.519713668       -0.2812558653         1.465127499                
    -2057.247404        -5060.908392         5580.752481                
O              270                                                      
    -6.224840463        -7.606344510         5.619276711                
     1.534872913        -2.335219115         4.765912678                
     2574.761327        -3217.634984         4989.262544                
O              271                                                      
    -6.031174292        -2.594733649         5.570089412                
    0.9973027748        -1.491740438        0.5182726395                
    -613.1048418        -1185.587504        -3717.584226                
O              272                                                      
     3.960165035        -7.561148922         1.043213152                
    0.8946742706         2.006698600       -0.6051072350                
    -1851.841488         1545.911624         6267.153010                
O              273                                                      
    0.3567031863E-01     1.024433003         4.159051015                
     6.869368787        -3.151052588        0.2303592978                
    -12180.23481         5997.500782        -2616.012780                
O              274                                                      
     10.03975167         8.994781955         2.668300332                
    0.7171809315        -1.354126355        -3.715439214                
     5315.518599        -9028.991674        -12312.91797                
O              275                                                      
    -10.12436391         1.097653611         2.540546415                
   -0.4529472987E-01    0.2705210369         1.714358885                
     2941.176984         5966.754787        -4491.191467                
O              276                                                      
   -0.1009491527         8.948645034         4.195903053                
     1.486089565        -4.183705154        -2.608415751                
     3080.329658         7775.986716        -3153.008492                
O              277                                                      
   -0.6217504908E-01    -3.244601910         4.224070398                
   -0.1124894355       -0.3046964252        -1.637905479                
     8715.304795         5514.239611        -6736.559503                
O              278                                                      
     10.04854085        -7.074259610         2.402855614                
     2.491538130        0.5512523286        -2.817291268                
     3047.121970        -3656.775712         393.4792440                
O              279                                                      
    -10.08093256        -3.118836715         2.562987447                
    -1.252422458        -2.482694365         1.335815927                
    -5920.754259        -1282.995038        -4655.262789                
O              280                                                      
   -0.8943179433E-01    -7.033032574         4.258921196                
   -0.3040730828        -5.377501685        -1.213750918                
     903.4988350         218.6401150        -4161.347501                
O              281                                                      
     8.643112562        -5.060761100         1.950119514                
    -1.056447100        0.5317239590        0.7672612881                
    -3164.334955         3930.528588        -4266.619230                
O              282                                                      
    -1.647108794        -5.101348892         4.844652023                
    0.3220267708        -4.580886221         2.661009969                
    -2683.711168        -4748.595540        -6880.546045                
O              283                                                      
     3.803478207        -5.051182924         2.121518283                
    -2.160133348         1.067455698        -4.727365811                
    -1907.027147        -580.0141611         2429.366126                
O              284                                                      
    -6.376894839        -5.072935281         4.647699248                
     4.858749711        -1.264927672         2.618595673                
     704.8117677        -10794.51995        -6915.689960                
O              285                                                      
     4.331652600         5.050238776        0.5622295123                
    -1.449088702        -1.529967745         1.956564863                
    -11347.37190         7739.666267        -4815.471478                
O              286                                                      
    -5.964110044         4.957418575         6.278766829                
    -1.373112245       -0.9075297369         3.521689262                
     3543.397159         8565.150553        -2087.000315                
O              287                                                      
     7.962771318         5.075348575        0.2816005990                
     3.370991543         2.166852261        -3.665742074                
    -3889.219011         4441.727012         5817.518423                
O              288                                                      
    -2.234069389         5.053418489         6.359149239                
     1.422064407        0.3849569107         1.072219061                
    -3454.500669         5989.516273        -4106.208930                
C              289                                                      
    0.5889131864         5.665912741         1.909948718                
   -0.8190009565       -0.5014414920        0.4382469717                
    -1.612600747        -58.62624961        -43.83155561                
C              290                                                      
    0.8093346916         4.284305790         1.860045283                
    -1.221250057       -0.4975106627        -1.447298870                
     11.89311752        -24.91778430        -67.76512239                
C              291                                                      
    0.5519143318         3.576545706        0.6798713898                
   -0.9804452904         1.264546687        -2.556543800                
     82.45680923        -15.84245721        -70.65596347                
C              292                                                      
    0.7407246665E-01     4.250392571       -0.4503990700                
   -0.3373914236         3.022673209        -1.780242891                
     42.81055755        -32.52468653        -40.83167538                
C              293                                                      
   -0.1463490385         5.631999523       -0.4004956345                
    0.6485767681E-01     3.018742378        0.1053029535                
     23.29086043        -37.98352162        -49.65835401                
C              294                                                      
    0.1110713212         6.339759607        0.7796782584                
   -0.1759470896         1.256685029         1.214547883                
     21.83574850        -30.61329471        -56.61124608                
H              295                                                      
    0.7874946070         6.211899092         2.820368579                
    -1.004764634        -1.860742878         1.293950205                
     36.97701761         78.93827868        -1.072793704                
H              296                                                      
     1.177961319         3.764464111         2.731977121                
    -1.717328805        -1.853794163        -2.046181528                
     19.37024070        -34.13650261         29.20231883                
H              297                                                      
    0.7219595384         2.510717674        0.6413833657                
    -1.290760362         1.267564572        -4.011129693                
    -38.09265883        -15.23524665         86.47214207                
H              298                                                      
   -0.1245089538         3.704406220        -1.360818931                
   -0.1516277466         4.381974594        -2.635946123                
     34.91752133         63.04077949         24.70723355                
H              299                                                      
   -0.5149756655         6.151841201        -1.272427472                
    0.5609364246         4.375025879        0.7041856101                
     80.71303584        -43.14503679         59.46945980                
H              300                                                      
   -0.5897388548E-01     7.405587638        0.8181662817                
    0.1343679816         1.253667145         2.669133775                
     12.84397719         16.91187970         87.45779387                
