#t	totalEnergy 	temperature  	pressure 	volume 		PtensXX 	PtensXY 	PtensXZ 	PtensYX 	PtensYY 	PtensYZ 	PtensZX 	PtensZY 	PtensZZ
0.0	-1.199292E+06	3.000000E+02	1.671659E+01	5.568179E+03
0.1	-1.199299E+06	6.935276E+02	6.069522E+01	5.568179E+03
0.2	-1.199300E+06	6.850081E+02	4.671576E+01	5.568179E+03
0.3	-1.199300E+06	6.309605E+02	4.194687E+01	5.568179E+03
0.4	-1.199301E+06	6.251169E+02	5.314874E+01	5.568179E+03
0.5	-1.199300E+06	5.573990E+02	5.469156E+01	5.568179E+03
0.6	-1.199302E+06	5.595902E+02	4.905447E+01	5.568179E+03
0.7	-1.199302E+06	4.896769E+02	4.777992E+01	5.568179E+03
0.8	-1.199303E+06	4.804455E+02	5.447787E+01	5.568179E+03
0.9	-1.199304E+06	4.376236E+02	5.239508E+01	5.568179E+03
1.0	-1.199305E+06	3.847966E+02	5.017941E+01	5.568179E+03
1.1	-1.199305E+06	3.570967E+02	5.244913E+01	5.568179E+03
1.2	-1.199307E+06	3.256325E+02	5.244871E+01	5.568179E+03
1.3	-1.199307E+06	2.850762E+02	5.070383E+01	5.568179E+03
1.4	-1.199308E+06	2.717871E+02	5.240509E+01	5.568179E+03
1.5	-1.199308E+06	2.430736E+02	5.438883E+01	5.568179E+03
1.6	-1.199309E+06	2.235441E+02	5.059662E+01	5.568179E+03
1.7	-1.199309E+06	2.124795E+02	5.198102E+01	5.568179E+03
1.8	-1.199309E+06	1.916728E+02	5.526008E+01	5.568179E+03
1.9	-1.199310E+06	1.833611E+02	5.212758E+01	5.568179E+03
2.0	-1.199309E+06	1.605374E+02	5.122772E+01	5.568179E+03
2.1	-1.199310E+06	1.538661E+02	5.436910E+01	5.568179E+03
2.2	-1.199310E+06	1.491726E+02	5.147912E+01	5.568179E+03
2.3	-1.199310E+06	1.291653E+02	4.963342E+01	5.568179E+03
2.4	-1.199310E+06	1.239352E+02	5.171220E+01	5.568179E+03
2.5	-1.199310E+06	1.162447E+02	5.216330E+01	5.568179E+03
2.6	-1.199310E+06	1.127711E+02	5.085480E+01	5.568179E+03
2.7	-1.199311E+06	1.109557E+02	5.179198E+01	5.568179E+03
2.8	-1.199311E+06	1.005237E+02	5.339025E+01	5.568179E+03
2.9	-1.199311E+06	1.025401E+02	5.379745E+01	5.568179E+03
3.0	-1.199311E+06	1.020872E+02	5.396528E+01	5.568179E+03
3.1	-1.199311E+06	1.013277E+02	5.516631E+01	5.568179E+03
3.2	-1.199311E+06	9.675443E+01	5.460298E+01	5.568179E+03
3.3	-1.199311E+06	9.804579E+01	5.441164E+01	5.568179E+03
3.4	-1.199311E+06	9.683505E+01	5.407211E+01	5.568179E+03
3.5	-1.199311E+06	9.741400E+01	5.418816E+01	5.568179E+03
3.6	-1.199311E+06	1.029749E+02	5.302537E+01	5.568179E+03
3.7	-1.199311E+06	1.044899E+02	5.220093E+01	5.568179E+03
3.8	-1.199311E+06	1.110101E+02	5.325802E+01	5.568179E+03
3.9	-1.199311E+06	1.182882E+02	5.435809E+01	5.568179E+03
4.0	-1.199311E+06	1.241563E+02	5.338195E+01	5.568179E+03
4.1	-1.199311E+06	1.304608E+02	5.326963E+01	5.568179E+03
4.2	-1.199310E+06	1.264075E+02	5.213486E+01	5.568179E+03
4.3	-1.199311E+06	1.452510E+02	5.295455E+01	5.568179E+03
4.4	-1.199310E+06	1.610455E+02	5.198074E+01	5.568179E+03
4.5	-1.199310E+06	1.618678E+02	5.159305E+01	5.568179E+03
4.6	-1.199310E+06	1.834547E+02	5.272937E+01	5.568179E+03
4.7	-1.199310E+06	1.850001E+02	5.115146E+01	5.568179E+03
4.8	-1.199309E+06	2.078599E+02	5.021782E+01	5.568179E+03
4.9	-1.199309E+06	2.264901E+02	5.611379E+01	5.568179E+03
5.0	-1.199308E+06	2.344748E+02	5.276121E+01	5.568179E+03
5.1	-1.199307E+06	2.530033E+02	4.883094E+01	5.568179E+03
5.2	-1.199307E+06	2.900650E+02	5.439129E+01	5.568179E+03
5.3	-1.199307E+06	3.239325E+02	5.590006E+01	5.568179E+03
5.4	-1.199307E+06	3.666559E+02	5.009338E+01	5.568179E+03
5.5	-1.199306E+06	4.090642E+02	5.409221E+01	5.568179E+03
5.6	-1.199305E+06	4.442141E+02	5.082098E+01	5.568179E+03
5.7	-1.199304E+06	4.666704E+02	4.689935E+01	5.568179E+03
5.8	-1.199302E+06	4.850777E+02	4.750152E+01	5.568179E+03
5.9	-1.199302E+06	5.359490E+02	4.934052E+01	5.568179E+03
6.0	-1.199301E+06	5.483454E+02	4.633850E+01	5.568179E+03
6.1	-1.199300E+06	5.988348E+02	4.809757E+01	5.568179E+03
6.2	-1.199301E+06	6.197532E+02	4.845167E+01	5.568179E+03
6.3	-1.199300E+06	6.664886E+02	5.239078E+01	5.568179E+03
6.4	-1.199300E+06	6.850027E+02	4.921648E+01	5.568179E+03
6.5	-1.199300E+06	6.634558E+02	4.893282E+01	5.568179E+03
6.6	-1.199299E+06	6.791327E+02	5.194057E+01	5.568179E+03
6.7	-1.199301E+06	6.716428E+02	4.714389E+01	5.568179E+03
6.8	-1.199301E+06	6.493636E+02	4.923369E+01	5.568179E+03
6.9	-1.199302E+06	6.599886E+02	5.388805E+01	5.568179E+03
7.0	-1.199302E+06	5.983835E+02	5.309551E+01	5.568179E+03
7.1	-1.199303E+06	5.669694E+02	5.283831E+01	5.568179E+03
7.2	-1.199304E+06	5.251564E+02	5.425478E+01	5.568179E+03
7.3	-1.199304E+06	4.985505E+02	5.087203E+01	5.568179E+03
7.4	-1.199304E+06	4.237274E+02	4.834340E+01	5.568179E+03
7.5	-1.199306E+06	3.904242E+02	5.022570E+01	5.568179E+03
7.6	-1.199307E+06	3.709166E+02	4.830068E+01	5.568179E+03
7.7	-1.199307E+06	3.410241E+02	4.973664E+01	5.568179E+03
7.8	-1.199307E+06	2.905548E+02	4.758982E+01	5.568179E+03
7.9	-1.199308E+06	2.714321E+02	5.174882E+01	5.568179E+03
8.0	-1.199309E+06	2.648941E+02	5.636829E+01	5.568179E+03
8.1	-1.199309E+06	2.256828E+02	5.289583E+01	5.568179E+03
8.2	-1.199310E+06	2.073637E+02	5.589643E+01	5.568179E+03
8.3	-1.199310E+06	1.976032E+02	5.618732E+01	5.568179E+03
8.4	-1.199311E+06	1.918691E+02	5.645319E+01	5.568179E+03
8.5	-1.199311E+06	1.613776E+02	5.632472E+01	5.568179E+03
8.6	-1.199311E+06	1.566358E+02	5.395359E+01	5.568179E+03
8.7	-1.199311E+06	1.387823E+02	5.367995E+01	5.568179E+03
8.8	-1.199311E+06	1.330413E+02	5.394853E+01	5.568179E+03
8.9	-1.199312E+06	1.265628E+02	5.191660E+01	5.568179E+03
9.0	-1.199312E+06	1.188012E+02	5.232962E+01	5.568179E+03
9.1	-1.199312E+06	1.079867E+02	5.264937E+01	5.568179E+03
9.2	-1.199312E+06	1.057822E+02	4.874301E+01	5.568179E+03
9.3	-1.199312E+06	1.064364E+02	5.107644E+01	5.568179E+03
9.4	-1.199312E+06	1.095148E+02	5.449658E+01	5.568179E+03
9.5	-1.199312E+06	1.041329E+02	5.058775E+01	5.568179E+03
9.6	-1.199312E+06	1.007115E+02	5.284796E+01	5.568179E+03
9.7	-1.199312E+06	9.956048E+01	5.560938E+01	5.568179E+03
9.8	-1.199312E+06	9.611113E+01	5.358589E+01	5.568179E+03
9.9	-1.199312E+06	9.318820E+01	5.504906E+01	5.568179E+03
10.0	-1.199312E+06	1.061996E+02	5.562678E+01	5.568179E+03
10.1	-1.199312E+06	9.319976E+01	5.507155E+01	5.568179E+03
10.2	-1.199312E+06	1.027821E+02	5.448187E+01	5.568179E+03
10.3	-1.199312E+06	1.101324E+02	5.497600E+01	5.568179E+03
10.4	-1.199312E+06	1.047945E+02	5.521451E+01	5.568179E+03
10.5	-1.199312E+06	1.061947E+02	5.426469E+01	5.568179E+03
10.6	-1.199312E+06	1.221521E+02	5.353396E+01	5.568179E+03
10.7	-1.199311E+06	1.232637E+02	5.288374E+01	5.568179E+03
10.8	-1.199311E+06	1.326695E+02	5.148683E+01	5.568179E+03
10.9	-1.199311E+06	1.515091E+02	4.923006E+01	5.568179E+03
11.0	-1.199311E+06	1.604262E+02	4.770837E+01	5.568179E+03
11.1	-1.199310E+06	1.841632E+02	5.152893E+01	5.568179E+03
11.2	-1.199310E+06	1.842438E+02	4.900096E+01	5.568179E+03
11.3	-1.199310E+06	2.036287E+02	5.345744E+01	5.568179E+03
11.4	-1.199309E+06	2.278671E+02	5.286907E+01	5.568179E+03
11.5	-1.199309E+06	2.492725E+02	5.286584E+01	5.568179E+03
11.6	-1.199309E+06	2.725183E+02	5.524061E+01	5.568179E+03
11.7	-1.199308E+06	2.953009E+02	5.693539E+01	5.568179E+03
11.8	-1.199308E+06	3.331282E+02	5.405909E+01	5.568179E+03
11.9	-1.199307E+06	3.540775E+02	5.699485E+01	5.568179E+03
12.0	-1.199306E+06	3.687802E+02	5.477780E+01	5.568179E+03
12.1	-1.199306E+06	4.278418E+02	5.594184E+01	5.568179E+03
12.2	-1.199305E+06	4.750030E+02	5.644095E+01	5.568179E+03
12.3	-1.199304E+06	5.012787E+02	5.259381E+01	5.568179E+03
12.4	-1.199303E+06	5.517609E+02	5.255444E+01	5.568179E+03
12.5	-1.199302E+06	5.704667E+02	4.859455E+01	5.568179E+03
12.6	-1.199301E+06	6.022305E+02	4.759920E+01	5.568179E+03
12.7	-1.199301E+06	6.337356E+02	4.819241E+01	5.568179E+03
12.8	-1.199301E+06	6.754338E+02	4.280864E+01	5.568179E+03
12.9	-1.199301E+06	7.233503E+02	4.299074E+01	5.568179E+03
13.0	-1.199299E+06	6.641849E+02	4.665478E+01	5.568179E+03
13.1	-1.199301E+06	7.166414E+02	4.483728E+01	5.568179E+03
13.2	-1.199300E+06	6.699539E+02	5.028840E+01	5.568179E+03
13.3	-1.199302E+06	6.613047E+02	5.250187E+01	5.568179E+03
13.4	-1.199302E+06	6.099152E+02	5.018831E+01	5.568179E+03
13.5	-1.199303E+06	5.883057E+02	5.358511E+01	5.568179E+03
13.6	-1.199304E+06	5.569138E+02	5.259711E+01	5.568179E+03
13.7	-1.199304E+06	5.117024E+02	4.704859E+01	5.568179E+03
13.8	-1.199305E+06	4.891525E+02	5.146767E+01	5.568179E+03
13.9	-1.199305E+06	4.255313E+02	5.606018E+01	5.568179E+03
14.0	-1.199307E+06	4.118830E+02	5.514479E+01	5.568179E+03
14.1	-1.199308E+06	3.836962E+02	5.347584E+01	5.568179E+03
14.2	-1.199308E+06	3.305266E+02	5.505520E+01	5.568179E+03
14.3	-1.199309E+06	3.507148E+02	5.417700E+01	5.568179E+03
14.4	-1.199310E+06	2.965795E+02	5.490176E+01	5.568179E+03
14.5	-1.199310E+06	2.613208E+02	5.196663E+01	5.568179E+03
14.6	-1.199310E+06	2.328782E+02	5.097081E+01	5.568179E+03
14.7	-1.199311E+06	2.248257E+02	4.711387E+01	5.568179E+03
14.8	-1.199311E+06	2.026105E+02	4.834760E+01	5.568179E+03
14.9	-1.199311E+06	1.800888E+02	5.028504E+01	5.568179E+03
15.0	-1.199312E+06	1.752263E+02	4.946522E+01	5.568179E+03
15.1	-1.199312E+06	1.537918E+02	5.205219E+01	5.568179E+03
15.2	-1.199312E+06	1.512178E+02	5.581057E+01	5.568179E+03
15.3	-1.199312E+06	1.344373E+02	5.498036E+01	5.568179E+03
15.4	-1.199313E+06	1.267471E+02	5.504731E+01	5.568179E+03
15.5	-1.199313E+06	1.165778E+02	5.582458E+01	5.568179E+03
15.6	-1.199313E+06	1.166046E+02	5.560667E+01	5.568179E+03
15.7	-1.199313E+06	1.066300E+02	5.547094E+01	5.568179E+03
15.8	-1.199313E+06	1.069912E+02	5.743588E+01	5.568179E+03
15.9	-1.199313E+06	1.055105E+02	5.561898E+01	5.568179E+03
16.0	-1.199313E+06	9.511667E+01	5.349930E+01	5.568179E+03
16.1	-1.199313E+06	9.540955E+01	5.535164E+01	5.568179E+03
16.2	-1.199313E+06	9.711484E+01	5.276782E+01	5.568179E+03
16.3	-1.199313E+06	9.292639E+01	5.128726E+01	5.568179E+03
16.4	-1.199313E+06	9.459564E+01	5.129801E+01	5.568179E+03
16.5	-1.199313E+06	1.029030E+02	5.078931E+01	5.568179E+03
16.6	-1.199313E+06	9.790733E+01	5.092893E+01	5.568179E+03
16.7	-1.199313E+06	1.026706E+02	5.314478E+01	5.568179E+03
16.8	-1.199313E+06	1.134261E+02	5.392638E+01	5.568179E+03
16.9	-1.199313E+06	1.094823E+02	5.447248E+01	5.568179E+03
17.0	-1.199313E+06	1.086582E+02	5.509852E+01	5.568179E+03
17.1	-1.199313E+06	1.167920E+02	5.583838E+01	5.568179E+03
17.2	-1.199312E+06	1.244243E+02	5.485749E+01	5.568179E+03
17.3	-1.199312E+06	1.356348E+02	5.489369E+01	5.568179E+03
17.4	-1.199312E+06	1.497664E+02	5.481470E+01	5.568179E+03
17.5	-1.199312E+06	1.612209E+02	5.522751E+01	5.568179E+03
17.6	-1.199312E+06	1.723078E+02	5.338624E+01	5.568179E+03
17.7	-1.199311E+06	1.910247E+02	5.000767E+01	5.568179E+03
17.8	-1.199311E+06	2.062498E+02	5.159353E+01	5.568179E+03
17.9	-1.199310E+06	2.223342E+02	4.761531E+01	5.568179E+03
18.0	-1.199310E+06	2.442084E+02	4.683835E+01	5.568179E+03
18.1	-1.199309E+06	2.663258E+02	4.921578E+01	5.568179E+03
18.2	-1.199309E+06	3.067497E+02	4.966930E+01	5.568179E+03
18.3	-1.199308E+06	3.130831E+02	5.245687E+01	5.568179E+03
18.4	-1.199307E+06	3.332949E+02	5.305527E+01	5.568179E+03
18.5	-1.199307E+06	3.928511E+02	5.638971E+01	5.568179E+03
18.6	-1.199306E+06	4.297428E+02	5.447090E+01	5.568179E+03
18.7	-1.199305E+06	4.406430E+02	5.280432E+01	5.568179E+03
18.8	-1.199306E+06	5.276313E+02	5.354298E+01	5.568179E+03
18.9	-1.199304E+06	5.426729E+02	5.161175E+01	5.568179E+03
19.0	-1.199303E+06	5.459782E+02	4.898038E+01	5.568179E+03
19.1	-1.199303E+06	6.009644E+02	4.709385E+01	5.568179E+03
19.2	-1.199302E+06	6.170576E+02	4.917338E+01	5.568179E+03
19.3	-1.199302E+06	6.733700E+02	5.055620E+01	5.568179E+03
19.4	-1.199301E+06	6.725978E+02	5.269972E+01	5.568179E+03
19.5	-1.199301E+06	6.873358E+02	5.107899E+01	5.568179E+03
19.6	-1.199300E+06	6.387869E+02	4.938308E+01	5.568179E+03
19.7	-1.199302E+06	6.428377E+02	4.331165E+01	5.568179E+03
19.8	-1.199302E+06	6.490283E+02	4.838987E+01	5.568179E+03
19.9	-1.199302E+06	6.275161E+02	4.585237E+01	5.568179E+03
20.0	-1.199303E+06	6.006145E+02	5.074558E+01	5.568179E+03
20.1	-1.199304E+06	5.743380E+02	5.003659E+01	5.568179E+03
20.2	-1.199304E+06	5.246481E+02	4.916745E+01	5.568179E+03
20.3	-1.199305E+06	4.796523E+02	5.436733E+01	5.568179E+03
20.4	-1.199306E+06	4.464250E+02	5.164146E+01	5.568179E+03
20.5	-1.199307E+06	4.273855E+02	5.084476E+01	5.568179E+03
20.6	-1.199307E+06	3.722169E+02	5.726096E+01	5.568179E+03
20.7	-1.199308E+06	3.426915E+02	5.153098E+01	5.568179E+03
20.8	-1.199309E+06	3.117803E+02	5.415295E+01	5.568179E+03
20.9	-1.199309E+06	2.829282E+02	5.650299E+01	5.568179E+03
21.0	-1.199310E+06	2.538848E+02	5.063922E+01	5.568179E+03
21.1	-1.199310E+06	2.196008E+02	5.127642E+01	5.568179E+03
21.2	-1.199311E+06	2.127278E+02	5.469785E+01	5.568179E+03
21.3	-1.199311E+06	1.917268E+02	5.119007E+01	5.568179E+03
21.4	-1.199312E+06	1.895317E+02	5.099152E+01	5.568179E+03
21.5	-1.199312E+06	1.645065E+02	5.292416E+01	5.568179E+03
21.6	-1.199312E+06	1.651153E+02	5.248422E+01	5.568179E+03
21.7	-1.199312E+06	1.491737E+02	5.172552E+01	5.568179E+03
21.8	-1.199313E+06	1.412035E+02	5.227432E+01	5.568179E+03
21.9	-1.199313E+06	1.209620E+02	5.224767E+01	5.568179E+03
22.0	-1.199313E+06	1.194393E+02	5.320391E+01	5.568179E+03
22.1	-1.199313E+06	1.205701E+02	5.277540E+01	5.568179E+03
22.2	-1.199313E+06	1.089264E+02	5.488656E+01	5.568179E+03
22.3	-1.199313E+06	1.136576E+02	5.470858E+01	5.568179E+03
22.4	-1.199313E+06	1.024110E+02	5.375318E+01	5.568179E+03
22.5	-1.199313E+06	1.000404E+02	5.575627E+01	5.568179E+03
22.6	-1.199313E+06	9.851964E+01	5.555945E+01	5.568179E+03
22.7	-1.199314E+06	1.055817E+02	5.295110E+01	5.568179E+03
22.8	-1.199313E+06	9.618226E+01	5.499763E+01	5.568179E+03
22.9	-1.199314E+06	1.006153E+02	5.439176E+01	5.568179E+03
23.0	-1.199314E+06	1.018837E+02	5.291906E+01	5.568179E+03
23.1	-1.199314E+06	1.051378E+02	5.334110E+01	5.568179E+03
23.2	-1.199313E+06	1.010375E+02	5.274611E+01	5.568179E+03
23.3	-1.199314E+06	1.096674E+02	5.122006E+01	5.568179E+03
23.4	-1.199313E+06	1.121456E+02	5.277886E+01	5.568179E+03
23.5	-1.199313E+06	1.151133E+02	5.135750E+01	5.568179E+03
23.6	-1.199313E+06	1.205772E+02	5.227330E+01	5.568179E+03
23.7	-1.199313E+06	1.304542E+02	5.344841E+01	5.568179E+03
23.8	-1.199313E+06	1.353664E+02	5.429586E+01	5.568179E+03
23.9	-1.199312E+06	1.440958E+02	5.588123E+01	5.568179E+03
24.0	-1.199312E+06	1.577924E+02	5.683056E+01	5.568179E+03
24.1	-1.199312E+06	1.600742E+02	5.438904E+01	5.568179E+03
24.2	-1.199312E+06	1.938173E+02	5.692764E+01	5.568179E+03
24.3	-1.199311E+06	2.038675E+02	5.438515E+01	5.568179E+03
24.4	-1.199311E+06	2.165698E+02	5.370206E+01	5.568179E+03
24.5	-1.199310E+06	2.349001E+02	5.482256E+01	5.568179E+03
24.6	-1.199310E+06	2.623290E+02	5.088252E+01	5.568179E+03
24.7	-1.199309E+06	2.767853E+02	4.950858E+01	5.568179E+03
24.8	-1.199309E+06	3.274657E+02	5.358704E+01	5.568179E+03
24.9	-1.199308E+06	3.596306E+02	4.651396E+01	5.568179E+03
25.0	-1.199308E+06	3.857572E+02	4.834631E+01	5.568179E+03
25.1	-1.199307E+06	4.154071E+02	5.238799E+01	5.568179E+03
25.2	-1.199306E+06	4.492063E+02	4.897679E+01	5.568179E+03
25.3	-1.199304E+06	4.867488E+02	4.892032E+01	5.568179E+03
25.4	-1.199303E+06	4.990801E+02	4.993996E+01	5.568179E+03
25.5	-1.199304E+06	5.718425E+02	4.831579E+01	5.568179E+03
25.6	-1.199303E+06	6.021813E+02	4.667222E+01	5.568179E+03
25.7	-1.199301E+06	6.270012E+02	5.362323E+01	5.568179E+03
25.8	-1.199302E+06	6.582583E+02	5.274619E+01	5.568179E+03
25.9	-1.199301E+06	6.748072E+02	4.407118E+01	5.568179E+03
26.0	-1.199301E+06	6.950298E+02	5.026859E+01	5.568179E+03
26.1	-1.199301E+06	6.707784E+02	5.422610E+01	5.568179E+03
26.2	-1.199302E+06	6.762369E+02	5.348228E+01	5.568179E+03
26.3	-1.199302E+06	6.688467E+02	5.187839E+01	5.568179E+03
26.4	-1.199302E+06	6.189108E+02	5.059097E+01	5.568179E+03
26.5	-1.199303E+06	6.019666E+02	5.259088E+01	5.568179E+03
26.6	-1.199303E+06	5.453898E+02	4.841186E+01	5.568179E+03
26.7	-1.199304E+06	5.308151E+02	4.964742E+01	5.568179E+03
26.8	-1.199306E+06	5.096585E+02	4.793572E+01	5.568179E+03
26.9	-1.199306E+06	4.749131E+02	5.079455E+01	5.568179E+03
27.0	-1.199307E+06	4.234450E+02	5.263119E+01	5.568179E+03
27.1	-1.199308E+06	3.975992E+02	5.209477E+01	5.568179E+03
27.2	-1.199308E+06	3.443085E+02	4.888021E+01	5.568179E+03
27.3	-1.199309E+06	3.172244E+02	5.208523E+01	5.568179E+03
27.4	-1.199309E+06	2.901119E+02	5.285371E+01	5.568179E+03
27.5	-1.199310E+06	2.657450E+02	5.121899E+01	5.568179E+03
27.6	-1.199311E+06	2.411357E+02	5.404396E+01	5.568179E+03
27.7	-1.199311E+06	2.423073E+02	5.363613E+01	5.568179E+03
27.8	-1.199311E+06	2.073900E+02	5.148642E+01	5.568179E+03
27.9	-1.199312E+06	1.993044E+02	5.417226E+01	5.568179E+03
28.0	-1.199312E+06	1.754712E+02	5.418031E+01	5.568179E+03
28.1	-1.199312E+06	1.696229E+02	5.448450E+01	5.568179E+03
28.2	-1.199312E+06	1.447933E+02	5.352620E+01	5.568179E+03
28.3	-1.199313E+06	1.436288E+02	5.175241E+01	5.568179E+03
28.4	-1.199312E+06	1.224955E+02	5.393402E+01	5.568179E+03
28.5	-1.199313E+06	1.256180E+02	5.401518E+01	5.568179E+03
28.6	-1.199313E+06	1.125830E+02	5.325117E+01	5.568179E+03
28.7	-1.199313E+06	1.133204E+02	5.334604E+01	5.568179E+03
28.8	-1.199313E+06	1.019985E+02	5.313834E+01	5.568179E+03
28.9	-1.199313E+06	9.918310E+01	5.353150E+01	5.568179E+03
29.0	-1.199313E+06	1.020196E+02	5.152450E+01	5.568179E+03
29.1	-1.199313E+06	9.873873E+01	5.197593E+01	5.568179E+03
29.2	-1.199313E+06	1.003171E+02	5.318219E+01	5.568179E+03
29.3	-1.199313E+06	1.043595E+02	5.287902E+01	5.568179E+03
29.4	-1.199313E+06	1.019803E+02	5.368496E+01	5.568179E+03
29.5	-1.199313E+06	1.071360E+02	5.483224E+01	5.568179E+03
29.6	-1.199313E+06	1.086150E+02	5.437295E+01	5.568179E+03
29.7	-1.199313E+06	1.060517E+02	5.448763E+01	5.568179E+03
29.8	-1.199313E+06	1.105734E+02	5.643796E+01	5.568179E+03
29.9	-1.199313E+06	1.003839E+02	5.577741E+01	5.568179E+03
30.0	-1.199313E+06	1.153595E+02	5.481201E+01	5.568179E+03
30.1	-1.199313E+06	1.260159E+02	5.449898E+01	5.568179E+03
30.2	-1.199313E+06	1.299699E+02	5.326414E+01	5.568179E+03
30.3	-1.199312E+06	1.309924E+02	5.331260E+01	5.568179E+03
30.4	-1.199312E+06	1.512423E+02	5.138190E+01	5.568179E+03
30.5	-1.199312E+06	1.517193E+02	5.173595E+01	5.568179E+03
30.6	-1.199312E+06	1.550595E+02	5.170465E+01	5.568179E+03
30.7	-1.199312E+06	1.924351E+02	5.189127E+01	5.568179E+03
30.8	-1.199312E+06	2.119182E+02	5.157774E+01	5.568179E+03
30.9	-1.199311E+06	2.221461E+02	5.317881E+01	5.568179E+03
31.0	-1.199310E+06	2.296181E+02	5.121866E+01	5.568179E+03
31.1	-1.199310E+06	2.764176E+02	5.488526E+01	5.568179E+03
31.2	-1.199310E+06	2.964877E+02	5.236964E+01	5.568179E+03
31.3	-1.199309E+06	3.185837E+02	5.266458E+01	5.568179E+03
31.4	-1.199308E+06	3.343450E+02	5.148415E+01	5.568179E+03
31.5	-1.199307E+06	3.753327E+02	5.442165E+01	5.568179E+03
31.6	-1.199307E+06	3.943213E+02	5.062463E+01	5.568179E+03
31.7	-1.199306E+06	4.372398E+02	5.523975E+01	5.568179E+03
31.8	-1.199305E+06	4.861630E+02	5.321004E+01	5.568179E+03
31.9	-1.199304E+06	5.197698E+02	4.990374E+01	5.568179E+03
32.0	-1.199304E+06	5.615836E+02	5.341071E+01	5.568179E+03
32.1	-1.199303E+06	6.006069E+02	4.867383E+01	5.568179E+03
32.2	-1.199303E+06	6.317395E+02	4.868734E+01	5.568179E+03
32.3	-1.199301E+06	6.313812E+02	4.604967E+01	5.568179E+03
32.4	-1.199301E+06	6.583144E+02	4.888683E+01	5.568179E+03
32.5	-1.199301E+06	6.568055E+02	4.333261E+01	5.568179E+03
32.6	-1.199301E+06	6.786172E+02	4.892964E+01	5.568179E+03
32.7	-1.199301E+06	6.490398E+02	4.929280E+01	5.568179E+03
32.8	-1.199300E+06	6.345970E+02	5.388248E+01	5.568179E+03
32.9	-1.199301E+06	6.277606E+02	5.311035E+01	5.568179E+03
33.0	-1.199301E+06	5.581429E+02	5.215716E+01	5.568179E+03
33.1	-1.199303E+06	5.702232E+02	5.032745E+01	5.568179E+03
33.2	-1.199304E+06	5.452923E+02	5.011749E+01	5.568179E+03
33.3	-1.199304E+06	5.063844E+02	5.624604E+01	5.568179E+03
33.4	-1.199304E+06	4.471580E+02	5.739966E+01	5.568179E+03
33.5	-1.199305E+06	4.175932E+02	5.130108E+01	5.568179E+03
33.6	-1.199307E+06	3.921981E+02	5.279496E+01	5.568179E+03
33.7	-1.199308E+06	3.913440E+02	5.718579E+01	5.568179E+03
33.8	-1.199308E+06	3.182509E+02	5.584462E+01	5.568179E+03
33.9	-1.199309E+06	2.972479E+02	5.326920E+01	5.568179E+03
34.0	-1.199309E+06	2.780903E+02	5.297749E+01	5.568179E+03
34.1	-1.199309E+06	2.391543E+02	5.230644E+01	5.568179E+03
34.2	-1.199310E+06	2.248431E+02	5.015125E+01	5.568179E+03
34.3	-1.199310E+06	2.121682E+02	5.273303E+01	5.568179E+03
34.4	-1.199311E+06	1.903186E+02	5.108209E+01	5.568179E+03
34.5	-1.199311E+06	1.768512E+02	4.762946E+01	5.568179E+03
34.6	-1.199311E+06	1.682349E+02	5.079076E+01	5.568179E+03
34.7	-1.199311E+06	1.473486E+02	5.274181E+01	5.568179E+03
34.8	-1.199312E+06	1.418693E+02	5.150677E+01	5.568179E+03
34.9	-1.199312E+06	1.267156E+02	5.298027E+01	5.568179E+03
35.0	-1.199312E+06	1.282818E+02	5.425016E+01	5.568179E+03
35.1	-1.199312E+06	1.120848E+02	5.572703E+01	5.568179E+03
35.2	-1.199312E+06	1.129013E+02	5.545342E+01	5.568179E+03
35.3	-1.199313E+06	1.099617E+02	5.655828E+01	5.568179E+03
35.4	-1.199313E+06	1.041317E+02	5.430887E+01	5.568179E+03
35.5	-1.199312E+06	1.001298E+02	5.426194E+01	5.568179E+03
35.6	-1.199313E+06	9.949934E+01	5.605702E+01	5.568179E+03
35.7	-1.199313E+06	1.009784E+02	5.482146E+01	5.568179E+03
35.8	-1.199313E+06	9.634722E+01	5.152840E+01	5.568179E+03
35.9	-1.199312E+06	1.009001E+02	5.249683E+01	5.568179E+03
36.0	-1.199313E+06	1.023034E+02	5.160495E+01	5.568179E+03
36.1	-1.199312E+06	1.020976E+02	5.166095E+01	5.568179E+03
36.2	-1.199312E+06	9.628011E+01	5.191627E+01	5.568179E+03
36.3	-1.199312E+06	1.103440E+02	5.081264E+01	5.568179E+03
36.4	-1.199312E+06	1.177161E+02	5.198486E+01	5.568179E+03
36.5	-1.199312E+06	1.114302E+02	5.401194E+01	5.568179E+03
36.6	-1.199312E+06	1.243305E+02	5.593002E+01	5.568179E+03
36.7	-1.199312E+06	1.369523E+02	5.657134E+01	5.568179E+03
36.8	-1.199312E+06	1.348178E+02	5.480053E+01	5.568179E+03
36.9	-1.199312E+06	1.477184E+02	5.668003E+01	5.568179E+03
37.0	-1.199312E+06	1.581986E+02	5.631207E+01	5.568179E+03
37.1	-1.199311E+06	1.676048E+02	5.407066E+01	5.568179E+03
37.2	-1.199311E+06	1.859974E+02	5.517285E+01	5.568179E+03
37.3	-1.199311E+06	1.865665E+02	5.416252E+01	5.568179E+03
37.4	-1.199310E+06	2.152973E+02	5.462669E+01	5.568179E+03
37.5	-1.199310E+06	2.364258E+02	5.301610E+01	5.568179E+03
37.6	-1.199309E+06	2.426081E+02	5.089251E+01	5.568179E+03
37.7	-1.199309E+06	2.690873E+02	4.892055E+01	5.568179E+03
37.8	-1.199308E+06	2.948427E+02	4.349853E+01	5.568179E+03
37.9	-1.199308E+06	3.239330E+02	4.735178E+01	5.568179E+03
38.0	-1.199307E+06	3.648634E+02	4.747693E+01	5.568179E+03
38.1	-1.199306E+06	4.031959E+02	4.919861E+01	5.568179E+03
38.2	-1.199306E+06	4.609109E+02	4.781386E+01	5.568179E+03
38.3	-1.199304E+06	4.793849E+02	5.018629E+01	5.568179E+03
38.4	-1.199303E+06	5.053923E+02	5.507360E+01	5.568179E+03
38.5	-1.199304E+06	5.847279E+02	5.361338E+01	5.568179E+03
38.6	-1.199302E+06	5.643471E+02	4.530020E+01	5.568179E+03
38.7	-1.199301E+06	6.064225E+02	5.180174E+01	5.568179E+03
38.8	-1.199302E+06	6.613402E+02	5.719668E+01	5.568179E+03
38.9	-1.199300E+06	6.346265E+02	5.097277E+01	5.568179E+03
39.0	-1.199301E+06	6.667024E+02	4.693453E+01	5.568179E+03
39.1	-1.199302E+06	6.916912E+02	5.326800E+01	5.568179E+03
39.2	-1.199302E+06	7.207937E+02	5.220393E+01	5.568179E+03
39.3	-1.199301E+06	6.491735E+02	4.980975E+01	5.568179E+03
39.4	-1.199301E+06	6.461688E+02	4.946874E+01	5.568179E+03
39.5	-1.199302E+06	6.169903E+02	4.011520E+01	5.568179E+03
39.6	-1.199303E+06	6.043742E+02	4.831873E+01	5.568179E+03
39.7	-1.199302E+06	5.214481E+02	4.749213E+01	5.568179E+03
39.8	-1.199303E+06	4.935067E+02	4.723016E+01	5.568179E+03
39.9	-1.199305E+06	4.894048E+02	4.724394E+01	5.568179E+03
40.0	-1.199306E+06	4.276185E+02	5.084852E+01	5.568179E+03
40.1	-1.199306E+06	3.958366E+02	5.409518E+01	5.568179E+03
40.2	-1.199307E+06	3.550336E+02	5.532460E+01	5.568179E+03
40.3	-1.199308E+06	3.151664E+02	5.562595E+01	5.568179E+03
40.4	-1.199309E+06	3.051914E+02	5.227287E+01	5.568179E+03
40.5	-1.199309E+06	2.640970E+02	5.457339E+01	5.568179E+03
40.6	-1.199309E+06	2.379717E+02	5.671439E+01	5.568179E+03
40.7	-1.199310E+06	2.164777E+02	5.774298E+01	5.568179E+03
40.8	-1.199311E+06	2.218012E+02	5.663642E+01	5.568179E+03
40.9	-1.199312E+06	2.056391E+02	5.462028E+01	5.568179E+03
41.0	-1.199311E+06	1.794562E+02	5.790299E+01	5.568179E+03
41.1	-1.199311E+06	1.671185E+02	5.648323E+01	5.568179E+03
41.2	-1.199312E+06	1.487477E+02	5.241513E+01	5.568179E+03
41.3	-1.199312E+06	1.354466E+02	5.235511E+01	5.568179E+03
41.4	-1.199312E+06	1.341424E+02	5.194944E+01	5.568179E+03
41.5	-1.199312E+06	1.185524E+02	4.968584E+01	5.568179E+03
41.6	-1.199312E+06	1.243251E+02	5.155839E+01	5.568179E+03
41.7	-1.199312E+06	1.142464E+02	5.120861E+01	5.568179E+03
41.8	-1.199313E+06	1.114309E+02	5.126325E+01	5.568179E+03
41.9	-1.199312E+06	1.115682E+02	5.421239E+01	5.568179E+03
42.0	-1.199313E+06	1.065081E+02	5.527080E+01	5.568179E+03
42.1	-1.199313E+06	1.045060E+02	5.592214E+01	5.568179E+03
42.2	-1.199313E+06	1.023956E+02	5.661174E+01	5.568179E+03
42.3	-1.199313E+06	9.783386E+01	5.658383E+01	5.568179E+03
42.4	-1.199313E+06	1.009294E+02	5.648309E+01	5.568179E+03
42.5	-1.199313E+06	1.028375E+02	5.827578E+01	5.568179E+03
42.6	-1.199313E+06	1.065157E+02	5.670421E+01	5.568179E+03
42.7	-1.199313E+06	1.012956E+02	5.367243E+01	5.568179E+03
42.8	-1.199312E+06	1.079234E+02	5.523669E+01	5.568179E+03
42.9	-1.199313E+06	1.106114E+02	5.399436E+01	5.568179E+03
43.0	-1.199312E+06	1.151341E+02	5.231940E+01	5.568179E+03
43.1	-1.199312E+06	1.145482E+02	5.009084E+01	5.568179E+03
43.2	-1.199312E+06	1.292339E+02	5.047692E+01	5.568179E+03
43.3	-1.199312E+06	1.360880E+02	5.159728E+01	5.568179E+03
43.4	-1.199312E+06	1.461808E+02	5.090692E+01	5.568179E+03
43.5	-1.199312E+06	1.588469E+02	5.208579E+01	5.568179E+03
43.6	-1.199311E+06	1.547672E+02	5.321788E+01	5.568179E+03
43.7	-1.199311E+06	1.695417E+02	5.314711E+01	5.568179E+03
43.8	-1.199311E+06	1.843850E+02	5.458412E+01	5.568179E+03
43.9	-1.199310E+06	2.065572E+02	5.666516E+01	5.568179E+03
44.0	-1.199311E+06	2.200658E+02	5.362245E+01	5.568179E+03
44.1	-1.199311E+06	2.495409E+02	5.268619E+01	5.568179E+03
44.2	-1.199310E+06	2.747802E+02	5.597938E+01	5.568179E+03
44.3	-1.199309E+06	3.076774E+02	5.428595E+01	5.568179E+03
44.4	-1.199308E+06	3.280590E+02	5.578335E+01	5.568179E+03
44.5	-1.199308E+06	3.629201E+02	5.287815E+01	5.568179E+03
44.6	-1.199307E+06	3.833005E+02	4.824938E+01	5.568179E+03
44.7	-1.199305E+06	4.213209E+02	5.577909E+01	5.568179E+03
44.8	-1.199305E+06	4.646081E+02	5.163362E+01	5.568179E+03
44.9	-1.199304E+06	4.935659E+02	4.622979E+01	5.568179E+03
45.0	-1.199303E+06	5.279432E+02	4.257651E+01	5.568179E+03
45.1	-1.199302E+06	5.935653E+02	5.258985E+01	5.568179E+03
45.2	-1.199301E+06	6.034571E+02	4.580978E+01	5.568179E+03
45.3	-1.199301E+06	6.233272E+02	4.417843E+01	5.568179E+03
45.4	-1.199302E+06	7.131069E+02	5.059515E+01	5.568179E+03
45.5	-1.199301E+06	6.641806E+02	5.217887E+01	5.568179E+03
45.6	-1.199301E+06	6.742508E+02	4.678350E+01	5.568179E+03
45.7	-1.199300E+06	6.704991E+02	4.742949E+01	5.568179E+03
45.8	-1.199301E+06	6.413705E+02	4.620018E+01	5.568179E+03
45.9	-1.199302E+06	6.548846E+02	5.180427E+01	5.568179E+03
46.0	-1.199302E+06	5.928024E+02	4.318026E+01	5.568179E+03
46.1	-1.199303E+06	5.703309E+02	5.495432E+01	5.568179E+03
46.2	-1.199304E+06	5.260896E+02	5.125007E+01	5.568179E+03
46.3	-1.199304E+06	5.100610E+02	4.804744E+01	5.568179E+03
46.4	-1.199305E+06	4.798543E+02	4.964051E+01	5.568179E+03
46.5	-1.199305E+06	4.226751E+02	5.235951E+01	5.568179E+03
46.6	-1.199306E+06	3.909316E+02	4.782736E+01	5.568179E+03
46.7	-1.199308E+06	3.780118E+02	4.473844E+01	5.568179E+03
46.8	-1.199308E+06	3.521254E+02	5.073274E+01	5.568179E+03
46.9	-1.199309E+06	2.978865E+02	5.356204E+01	5.568179E+03
47.0	-1.199309E+06	2.776576E+02	5.057903E+01	5.568179E+03
47.1	-1.199310E+06	2.449112E+02	5.157996E+01	5.568179E+03
47.2	-1.199311E+06	2.283890E+02	5.249632E+01	5.568179E+03
47.3	-1.199311E+06	2.078894E+02	5.447461E+01	5.568179E+03
47.4	-1.199311E+06	1.934247E+02	5.721179E+01	5.568179E+03
47.5	-1.199311E+06	1.710361E+02	5.646692E+01	5.568179E+03
47.6	-1.199312E+06	1.656428E+02	5.689327E+01	5.568179E+03
47.7	-1.199312E+06	1.540064E+02	5.677489E+01	5.568179E+03
47.8	-1.199312E+06	1.399775E+02	5.785660E+01	5.568179E+03
47.9	-1.199312E+06	1.311564E+02	5.545760E+01	5.568179E+03
48.0	-1.199312E+06	1.288032E+02	5.525902E+01	5.568179E+03
48.1	-1.199312E+06	1.155776E+02	5.248274E+01	5.568179E+03
48.2	-1.199312E+06	1.112474E+02	5.202757E+01	5.568179E+03
48.3	-1.199312E+06	1.073312E+02	4.950453E+01	5.568179E+03
48.4	-1.199312E+06	1.017142E+02	5.142829E+01	5.568179E+03
48.5	-1.199312E+06	1.001066E+02	4.965732E+01	5.568179E+03
48.6	-1.199312E+06	1.000933E+02	4.991945E+01	5.568179E+03
48.7	-1.199312E+06	9.740202E+01	5.301093E+01	5.568179E+03
48.8	-1.199313E+06	9.839760E+01	5.479407E+01	5.568179E+03
48.9	-1.199312E+06	9.241164E+01	5.325778E+01	5.568179E+03
49.0	-1.199312E+06	9.644220E+01	5.458419E+01	5.568179E+03
49.1	-1.199313E+06	1.037119E+02	5.608870E+01	5.568179E+03
49.2	-1.199313E+06	1.130100E+02	5.686481E+01	5.568179E+03
49.3	-1.199313E+06	1.099048E+02	5.656701E+01	5.568179E+03
49.4	-1.199312E+06	1.047272E+02	5.473790E+01	5.568179E+03
49.5	-1.199313E+06	1.178624E+02	5.440141E+01	5.568179E+03
49.6	-1.199312E+06	1.233492E+02	5.290854E+01	5.568179E+03
49.7	-1.199312E+06	1.216318E+02	5.303238E+01	5.568179E+03
49.8	-1.199312E+06	1.310419E+02	5.202051E+01	5.568179E+03
49.9	-1.199312E+06	1.452709E+02	4.957631E+01	5.568179E+03
50.0	-1.199312E+06	1.610749E+02	5.242226E+01	5.568179E+03
50.1	-1.199311E+06	1.624366E+02	5.208005E+01	5.568179E+03
50.2	-1.199311E+06	1.654988E+02	5.051027E+01	5.568179E+03
50.3	-1.199311E+06	1.890594E+02	5.249962E+01	5.568179E+03
50.4	-1.199310E+06	2.073150E+02	5.258254E+01	5.568179E+03
50.5	-1.199309E+06	2.272827E+02	5.201761E+01	5.568179E+03
50.6	-1.199309E+06	2.374717E+02	5.302342E+01	5.568179E+03
50.7	-1.199309E+06	2.750017E+02	5.233905E+01	5.568179E+03
50.8	-1.199308E+06	3.018129E+02	5.272777E+01	5.568179E+03
50.9	-1.199308E+06	3.573601E+02	5.208869E+01	5.568179E+03
51.0	-1.199307E+06	3.630259E+02	5.528105E+01	5.568179E+03
51.1	-1.199307E+06	4.150025E+02	5.488023E+01	5.568179E+03
51.2	-1.199306E+06	4.435418E+02	5.074429E+01	5.568179E+03
51.3	-1.199305E+06	4.678121E+02	5.038362E+01	5.568179E+03
51.4	-1.199305E+06	5.147928E+02	5.496485E+01	5.568179E+03
51.5	-1.199304E+06	5.451272E+02	4.957670E+01	5.568179E+03
51.6	-1.199302E+06	5.538328E+02	4.741646E+01	5.568179E+03
51.7	-1.199303E+06	6.565348E+02	5.240053E+01	5.568179E+03
51.8	-1.199302E+06	6.503649E+02	4.641542E+01	5.568179E+03
51.9	-1.199301E+06	6.491913E+02	4.485483E+01	5.568179E+03
52.0	-1.199300E+06	6.535954E+02	4.939749E+01	5.568179E+03
52.1	-1.199301E+06	6.951870E+02	4.800032E+01	5.568179E+03
52.2	-1.199301E+06	6.868858E+02	4.509176E+01	5.568179E+03
52.3	-1.199301E+06	6.606958E+02	4.760157E+01	5.568179E+03
52.4	-1.199301E+06	6.104943E+02	4.388098E+01	5.568179E+03
52.5	-1.199303E+06	6.091017E+02	4.809215E+01	5.568179E+03
52.6	-1.199303E+06	5.595487E+02	4.594456E+01	5.568179E+03
52.7	-1.199304E+06	5.615998E+02	5.203344E+01	5.568179E+03
52.8	-1.199305E+06	5.141154E+02	5.255786E+01	5.568179E+03
52.9	-1.199305E+06	4.586466E+02	5.118525E+01	5.568179E+03
53.0	-1.199306E+06	4.454368E+02	5.266574E+01	5.568179E+03
53.1	-1.199307E+06	3.912883E+02	5.310326E+01	5.568179E+03
53.2	-1.199308E+06	3.668363E+02	5.439223E+01	5.568179E+03
53.3	-1.199308E+06	3.301002E+02	5.447695E+01	5.568179E+03
53.4	-1.199308E+06	3.021514E+02	5.269189E+01	5.568179E+03
53.5	-1.199309E+06	2.748663E+02	5.107567E+01	5.568179E+03
53.6	-1.199309E+06	2.505367E+02	5.043707E+01	5.568179E+03
53.7	-1.199310E+06	2.277032E+02	5.084963E+01	5.568179E+03
53.8	-1.199310E+06	2.162323E+02	5.073634E+01	5.568179E+03
53.9	-1.199311E+06	1.905624E+02	5.054725E+01	5.568179E+03
54.0	-1.199311E+06	1.827005E+02	5.068755E+01	5.568179E+03
54.1	-1.199312E+06	1.650638E+02	5.381839E+01	5.568179E+03
54.2	-1.199312E+06	1.663138E+02	5.521487E+01	5.568179E+03
54.3	-1.199312E+06	1.498318E+02	5.552983E+01	5.568179E+03
54.4	-1.199312E+06	1.281545E+02	5.350881E+01	5.568179E+03
54.5	-1.199312E+06	1.180509E+02	5.477109E+01	5.568179E+03
54.6	-1.199312E+06	1.134011E+02	5.532406E+01	5.568179E+03
54.7	-1.199312E+06	1.153887E+02	5.416312E+01	5.568179E+03
54.8	-1.199312E+06	1.101441E+02	5.444537E+01	5.568179E+03
54.9	-1.199313E+06	1.105739E+02	5.309648E+01	5.568179E+03
55.0	-1.199312E+06	1.066008E+02	5.294014E+01	5.568179E+03
55.1	-1.199313E+06	1.003852E+02	5.426473E+01	5.568179E+03
55.2	-1.199313E+06	1.041794E+02	5.418904E+01	5.568179E+03
55.3	-1.199313E+06	9.985662E+01	5.340764E+01	5.568179E+03
55.4	-1.199313E+06	9.620257E+01	5.376609E+01	5.568179E+03
55.5	-1.199313E+06	9.834702E+01	5.380913E+01	5.568179E+03
55.6	-1.199313E+06	1.022640E+02	5.415583E+01	5.568179E+03
55.7	-1.199313E+06	1.050854E+02	5.437578E+01	5.568179E+03
55.8	-1.199313E+06	1.056198E+02	5.298776E+01	5.568179E+03
55.9	-1.199313E+06	1.079760E+02	5.400503E+01	5.568179E+03
56.0	-1.199313E+06	1.168701E+02	5.438154E+01	5.568179E+03
56.1	-1.199313E+06	1.132518E+02	5.319320E+01	5.568179E+03
56.2	-1.199313E+06	1.250867E+02	5.466510E+01	5.568179E+03
56.3	-1.199312E+06	1.352248E+02	5.423956E+01	5.568179E+03
56.4	-1.199312E+06	1.456762E+02	5.260282E+01	5.568179E+03
56.5	-1.199312E+06	1.467404E+02	5.407444E+01	5.568179E+03
56.6	-1.199312E+06	1.694274E+02	5.438234E+01	5.568179E+03
56.7	-1.199311E+06	1.745144E+02	5.149440E+01	5.568179E+03
56.8	-1.199311E+06	1.899254E+02	5.344002E+01	5.568179E+03
56.9	-1.199310E+06	2.102714E+02	5.302538E+01	5.568179E+03
57.0	-1.199310E+06	2.191066E+02	5.026934E+01	5.568179E+03
57.1	-1.199310E+06	2.501909E+02	5.311235E+01	5.568179E+03
57.2	-1.199309E+06	2.707808E+02	5.257996E+01	5.568179E+03
57.3	-1.199308E+06	2.917182E+02	5.206554E+01	5.568179E+03
57.4	-1.199308E+06	3.303724E+02	5.295919E+01	5.568179E+03
57.5	-1.199307E+06	3.631397E+02	5.289009E+01	5.568179E+03
57.6	-1.199306E+06	3.862981E+02	5.383927E+01	5.568179E+03
57.7	-1.199306E+06	4.395993E+02	5.197173E+01	5.568179E+03
57.8	-1.199306E+06	4.912573E+02	4.855334E+01	5.568179E+03
57.9	-1.199305E+06	5.120212E+02	4.950025E+01	5.568179E+03
58.0	-1.199303E+06	5.404771E+02	4.990960E+01	5.568179E+03
58.1	-1.199302E+06	5.482182E+02	4.823046E+01	5.568179E+03
58.2	-1.199301E+06	5.748250E+02	4.641676E+01	5.568179E+03
58.3	-1.199302E+06	6.638510E+02	4.441968E+01	5.568179E+03
58.4	-1.199301E+06	6.623005E+02	4.417422E+01	5.568179E+03
58.5	-1.199301E+06	6.676700E+02	5.111811E+01	5.568179E+03
58.6	-1.199300E+06	6.368823E+02	4.891580E+01	5.568179E+03
58.7	-1.199300E+06	6.425086E+02	4.539492E+01	5.568179E+03
58.8	-1.199302E+06	6.926262E+02	4.987542E+01	5.568179E+03
58.9	-1.199301E+06	6.331061E+02	4.975588E+01	5.568179E+03
59.0	-1.199301E+06	6.000568E+02	5.369287E+01	5.568179E+03
59.1	-1.199303E+06	6.142619E+02	5.218368E+01	5.568179E+03
59.2	-1.199304E+06	5.492843E+02	4.784863E+01	5.568179E+03
59.3	-1.199303E+06	4.963695E+02	5.040178E+01	5.568179E+03
59.4	-1.199304E+06	4.490565E+02	4.621204E+01	5.568179E+03
59.5	-1.199306E+06	4.498845E+02	5.305684E+01	5.568179E+03
59.6	-1.199306E+06	3.810747E+02	5.242093E+01	5.568179E+03
59.7	-1.199307E+06	3.564594E+02	4.893304E+01	5.568179E+03
59.8	-1.199308E+06	3.281004E+02	5.264782E+01	5.568179E+03
59.9	-1.199308E+06	3.194674E+02	5.309209E+01	5.568179E+03
60.0	-1.199309E+06	2.826861E+02	5.121675E+01	5.568179E+03
60.1	-1.199309E+06	2.615667E+02	5.248919E+01	5.568179E+03
60.2	-1.199309E+06	2.258656E+02	5.130384E+01	5.568179E+03
60.3	-1.199310E+06	2.150584E+02	5.225907E+01	5.568179E+03
60.4	-1.199310E+06	1.960303E+02	5.269088E+01	5.568179E+03
60.5	-1.199310E+06	1.886230E+02	5.391101E+01	5.568179E+03
60.6	-1.199311E+06	1.662103E+02	5.173418E+01	5.568179E+03
60.7	-1.199311E+06	1.420605E+02	5.004222E+01	5.568179E+03
60.8	-1.199311E+06	1.458156E+02	5.292362E+01	5.568179E+03
60.9	-1.199311E+06	1.321702E+02	5.320915E+01	5.568179E+03
61.0	-1.199312E+06	1.284465E+02	5.281469E+01	5.568179E+03
61.1	-1.199312E+06	1.228496E+02	5.261716E+01	5.568179E+03
61.2	-1.199312E+06	1.125559E+02	5.309513E+01	5.568179E+03
61.3	-1.199312E+06	1.091695E+02	5.474981E+01	5.568179E+03
61.4	-1.199312E+06	1.039511E+02	5.384727E+01	5.568179E+03
61.5	-1.199312E+06	1.001000E+02	5.372362E+01	5.568179E+03
61.6	-1.199312E+06	1.023778E+02	5.393555E+01	5.568179E+03
61.7	-1.199312E+06	1.019458E+02	5.137447E+01	5.568179E+03
61.8	-1.199312E+06	1.012814E+02	5.352960E+01	5.568179E+03
61.9	-1.199312E+06	1.003091E+02	5.478736E+01	5.568179E+03
62.0	-1.199312E+06	9.947482E+01	5.349911E+01	5.568179E+03
62.1	-1.199312E+06	9.672059E+01	5.262330E+01	5.568179E+03
62.2	-1.199312E+06	1.039293E+02	5.321224E+01	5.568179E+03
62.3	-1.199312E+06	1.118442E+02	5.297052E+01	5.568179E+03
62.4	-1.199312E+06	9.978425E+01	5.286309E+01	5.568179E+03
62.5	-1.199312E+06	1.127604E+02	5.252613E+01	5.568179E+03
62.6	-1.199312E+06	1.212315E+02	5.255979E+01	5.568179E+03
62.7	-1.199312E+06	1.185292E+02	5.312512E+01	5.568179E+03
62.8	-1.199311E+06	1.286257E+02	5.364759E+01	5.568179E+03
62.9	-1.199311E+06	1.366182E+02	5.385084E+01	5.568179E+03
63.0	-1.199311E+06	1.588416E+02	5.480152E+01	5.568179E+03
63.1	-1.199311E+06	1.657266E+02	5.254422E+01	5.568179E+03
63.2	-1.199311E+06	1.799475E+02	5.438806E+01	5.568179E+03
63.3	-1.199311E+06	2.074431E+02	5.422771E+01	5.568179E+03
63.4	-1.199310E+06	2.049623E+02	5.188428E+01	5.568179E+03
63.5	-1.199310E+06	2.325747E+02	5.237821E+01	5.568179E+03
63.6	-1.199310E+06	2.644959E+02	5.170701E+01	5.568179E+03
63.7	-1.199309E+06	2.773235E+02	5.090010E+01	5.568179E+03
63.8	-1.199308E+06	3.012323E+02	5.244922E+01	5.568179E+03
63.9	-1.199308E+06	3.303939E+02	4.980003E+01	5.568179E+03
64.0	-1.199306E+06	3.447777E+02	4.808044E+01	5.568179E+03
64.1	-1.199307E+06	4.157394E+02	4.939116E+01	5.568179E+03
64.2	-1.199305E+06	4.245678E+02	5.140191E+01	5.568179E+03
64.3	-1.199305E+06	4.775120E+02	5.066341E+01	5.568179E+03
64.4	-1.199304E+06	5.031080E+02	4.631016E+01	5.568179E+03
64.5	-1.199305E+06	5.894446E+02	5.114098E+01	5.568179E+03
64.6	-1.199303E+06	5.534089E+02	4.493728E+01	5.568179E+03
64.7	-1.199302E+06	6.163039E+02	4.929646E+01	5.568179E+03
64.8	-1.199301E+06	5.974001E+02	4.777712E+01	5.568179E+03
64.9	-1.199301E+06	6.374516E+02	4.908125E+01	5.568179E+03
65.0	-1.199301E+06	6.794707E+02	5.079628E+01	5.568179E+03
65.1	-1.199300E+06	6.673264E+02	4.776231E+01	5.568179E+03
65.2	-1.199300E+06	6.457449E+02	4.530127E+01	5.568179E+03
65.3	-1.199302E+06	6.508135E+02	5.028658E+01	5.568179E+03
65.4	-1.199302E+06	6.735464E+02	4.667833E+01	5.568179E+03
65.5	-1.199302E+06	6.126277E+02	4.930207E+01	5.568179E+03
65.6	-1.199301E+06	5.808158E+02	4.724434E+01	5.568179E+03
65.7	-1.199303E+06	5.458343E+02	4.640771E+01	5.568179E+03
65.8	-1.199303E+06	5.044479E+02	4.633252E+01	5.568179E+03
65.9	-1.199304E+06	4.482685E+02	4.518939E+01	5.568179E+03
66.0	-1.199304E+06	4.343141E+02	4.850182E+01	5.568179E+03
66.1	-1.199306E+06	3.860969E+02	4.602570E+01	5.568179E+03
66.2	-1.199307E+06	3.922304E+02	5.225744E+01	5.568179E+03
66.3	-1.199307E+06	3.239420E+02	5.241117E+01	5.568179E+03
66.4	-1.199308E+06	3.114248E+02	5.293230E+01	5.568179E+03
66.5	-1.199308E+06	2.639442E+02	5.167315E+01	5.568179E+03
66.6	-1.199309E+06	2.537211E+02	5.324657E+01	5.568179E+03
66.7	-1.199309E+06	2.224054E+02	5.398902E+01	5.568179E+03
66.8	-1.199310E+06	2.145145E+02	5.441424E+01	5.568179E+03
66.9	-1.199310E+06	1.919979E+02	5.105174E+01	5.568179E+03
67.0	-1.199311E+06	1.840544E+02	5.362757E+01	5.568179E+03
67.1	-1.199311E+06	1.704128E+02	5.491297E+01	5.568179E+03
67.2	-1.199311E+06	1.528491E+02	5.344664E+01	5.568179E+03
67.3	-1.199312E+06	1.481976E+02	5.488262E+01	5.568179E+03
67.4	-1.199312E+06	1.325197E+02	5.238271E+01	5.568179E+03
67.5	-1.199312E+06	1.251840E+02	5.132376E+01	5.568179E+03
67.6	-1.199312E+06	1.222423E+02	5.318233E+01	5.568179E+03
67.7	-1.199312E+06	1.109101E+02	5.199952E+01	5.568179E+03
67.8	-1.199312E+06	1.133734E+02	5.208497E+01	5.568179E+03
67.9	-1.199312E+06	1.090917E+02	5.189369E+01	5.568179E+03
68.0	-1.199312E+06	1.055863E+02	5.191105E+01	5.568179E+03
68.1	-1.199312E+06	9.907378E+01	5.334838E+01	5.568179E+03
68.2	-1.199312E+06	1.052369E+02	5.315800E+01	5.568179E+03
68.3	-1.199312E+06	9.751341E+01	5.356051E+01	5.568179E+03
68.4	-1.199312E+06	9.533289E+01	5.441853E+01	5.568179E+03
68.5	-1.199312E+06	1.049224E+02	5.580002E+01	5.568179E+03
68.6	-1.199312E+06	1.034035E+02	5.604878E+01	5.568179E+03
68.7	-1.199312E+06	9.866196E+01	5.620139E+01	5.568179E+03
68.8	-1.199312E+06	1.038454E+02	5.657331E+01	5.568179E+03
68.9	-1.199312E+06	1.148882E+02	5.351768E+01	5.568179E+03
69.0	-1.199312E+06	1.144131E+02	5.369508E+01	5.568179E+03
69.1	-1.199312E+06	1.216116E+02	5.319009E+01	5.568179E+03
69.2	-1.199312E+06	1.146491E+02	5.099783E+01	5.568179E+03
69.3	-1.199312E+06	1.293693E+02	5.046497E+01	5.568179E+03
69.4	-1.199311E+06	1.343809E+02	4.918421E+01	5.568179E+03
69.5	-1.199311E+06	1.490206E+02	5.030908E+01	5.568179E+03
69.6	-1.199311E+06	1.729858E+02	5.237487E+01	5.568179E+03
69.7	-1.199311E+06	1.759109E+02	5.269023E+01	5.568179E+03
69.8	-1.199311E+06	2.086069E+02	5.476827E+01	5.568179E+03
69.9	-1.199310E+06	2.078239E+02	5.405569E+01	5.568179E+03
70.0	-1.199310E+06	2.244976E+02	5.392293E+01	5.568179E+03
70.1	-1.199310E+06	2.602175E+02	5.746349E+01	5.568179E+03
70.2	-1.199309E+06	2.607888E+02	5.463595E+01	5.568179E+03
70.3	-1.199308E+06	2.831281E+02	5.166667E+01	5.568179E+03
70.4	-1.199307E+06	3.025386E+02	5.196028E+01	5.568179E+03
70.5	-1.199307E+06	3.562667E+02	5.263505E+01	5.568179E+03
70.6	-1.199306E+06	3.746761E+02	4.847616E+01	5.568179E+03
70.7	-1.199305E+06	4.157035E+02	5.148306E+01	5.568179E+03
70.8	-1.199305E+06	4.817402E+02	4.846318E+01	5.568179E+03
70.9	-1.199304E+06	4.789817E+02	4.568842E+01	5.568179E+03
71.0	-1.199303E+06	5.477935E+02	4.340208E+01	5.568179E+03
71.1	-1.199302E+06	5.764163E+02	4.999152E+01	5.568179E+03
71.2	-1.199301E+06	6.011775E+02	4.915146E+01	5.568179E+03
71.3	-1.199300E+06	6.283218E+02	4.602576E+01	5.568179E+03
71.4	-1.199301E+06	6.696317E+02	4.734374E+01	5.568179E+03
71.5	-1.199302E+06	7.340382E+02	5.100673E+01	5.568179E+03
71.6	-1.199301E+06	7.007537E+02	5.033119E+01	5.568179E+03
71.7	-1.199301E+06	6.659153E+02	5.090311E+01	5.568179E+03
71.8	-1.199301E+06	6.532022E+02	4.863237E+01	5.568179E+03
71.9	-1.199301E+06	6.301835E+02	5.294909E+01	5.568179E+03
72.0	-1.199301E+06	5.958599E+02	5.140431E+01	5.568179E+03
72.1	-1.199302E+06	5.507755E+02	5.084831E+01	5.568179E+03
72.2	-1.199302E+06	5.270990E+02	5.345242E+01	5.568179E+03
72.3	-1.199303E+06	5.086858E+02	4.595567E+01	5.568179E+03
72.4	-1.199304E+06	4.707674E+02	4.871732E+01	5.568179E+03
72.5	-1.199306E+06	4.688413E+02	5.214935E+01	5.568179E+03
72.6	-1.199306E+06	4.060845E+02	4.763430E+01	5.568179E+03
72.7	-1.199307E+06	3.885252E+02	4.724799E+01	5.568179E+03
72.8	-1.199308E+06	3.599018E+02	5.184478E+01	5.568179E+03
72.9	-1.199309E+06	3.264533E+02	5.287611E+01	5.568179E+03
73.0	-1.199309E+06	2.924401E+02	5.128758E+01	5.568179E+03
73.1	-1.199309E+06	2.600421E+02	5.317310E+01	5.568179E+03
73.2	-1.199310E+06	2.191781E+02	5.308985E+01	5.568179E+03
73.3	-1.199311E+06	2.186768E+02	5.416867E+01	5.568179E+03
73.4	-1.199311E+06	1.954546E+02	5.273365E+01	5.568179E+03
73.5	-1.199311E+06	1.856716E+02	5.344289E+01	5.568179E+03
73.6	-1.199311E+06	1.716153E+02	5.484202E+01	5.568179E+03
73.7	-1.199312E+06	1.558175E+02	5.313319E+01	5.568179E+03
73.8	-1.199312E+06	1.443980E+02	5.434599E+01	5.568179E+03
73.9	-1.199312E+06	1.356989E+02	5.532878E+01	5.568179E+03
74.0	-1.199313E+06	1.300442E+02	5.410356E+01	5.568179E+03
74.1	-1.199313E+06	1.245545E+02	5.477989E+01	5.568179E+03
74.2	-1.199313E+06	1.169553E+02	5.415711E+01	5.568179E+03
74.3	-1.199313E+06	1.152183E+02	5.389576E+01	5.568179E+03
74.4	-1.199313E+06	1.127262E+02	5.395407E+01	5.568179E+03
74.5	-1.199313E+06	1.035211E+02	5.304877E+01	5.568179E+03
74.6	-1.199313E+06	1.072124E+02	5.332866E+01	5.568179E+03
74.7	-1.199313E+06	1.021913E+02	5.272272E+01	5.568179E+03
74.8	-1.199313E+06	9.884936E+01	5.315159E+01	5.568179E+03
74.9	-1.199313E+06	9.600260E+01	5.333080E+01	5.568179E+03
75.0	-1.199313E+06	1.028901E+02	5.311798E+01	5.568179E+03
75.1	-1.199313E+06	9.826452E+01	5.415977E+01	5.568179E+03
75.2	-1.199313E+06	1.014976E+02	5.449522E+01	5.568179E+03
75.3	-1.199313E+06	1.110164E+02	5.367209E+01	5.568179E+03
75.4	-1.199313E+06	1.083910E+02	5.519761E+01	5.568179E+03
75.5	-1.199312E+06	1.141679E+02	5.679687E+01	5.568179E+03
75.6	-1.199312E+06	1.122136E+02	5.356182E+01	5.568179E+03
75.7	-1.199312E+06	1.231005E+02	5.262420E+01	5.568179E+03
75.8	-1.199312E+06	1.344601E+02	5.343996E+01	5.568179E+03
75.9	-1.199312E+06	1.388655E+02	5.326437E+01	5.568179E+03
76.0	-1.199312E+06	1.412732E+02	5.090546E+01	5.568179E+03
76.1	-1.199312E+06	1.651034E+02	5.123316E+01	5.568179E+03
76.2	-1.199311E+06	1.690216E+02	5.189749E+01	5.568179E+03
76.3	-1.199311E+06	1.865034E+02	4.958626E+01	5.568179E+03
76.4	-1.199311E+06	2.163649E+02	5.273741E+01	5.568179E+03
76.5	-1.199310E+06	2.179456E+02	5.447314E+01	5.568179E+03
76.6	-1.199310E+06	2.363376E+02	5.143878E+01	5.568179E+03
76.7	-1.199310E+06	2.770732E+02	5.340866E+01	5.568179E+03
76.8	-1.199310E+06	2.963867E+02	5.446015E+01	5.568179E+03
76.9	-1.199309E+06	3.192256E+02	5.229118E+01	5.568179E+03
77.0	-1.199308E+06	3.331262E+02	5.166239E+01	5.568179E+03
77.1	-1.199307E+06	3.688935E+02	5.167209E+01	5.568179E+03
77.2	-1.199306E+06	4.096461E+02	4.950668E+01	5.568179E+03
77.3	-1.199305E+06	4.219524E+02	5.058392E+01	5.568179E+03
77.4	-1.199305E+06	5.091686E+02	5.116475E+01	5.568179E+03
77.5	-1.199304E+06	5.255079E+02	5.332864E+01	5.568179E+03
77.6	-1.199303E+06	5.736589E+02	4.636619E+01	5.568179E+03
77.7	-1.199303E+06	6.176013E+02	5.087852E+01	5.568179E+03
77.8	-1.199302E+06	6.047805E+02	5.030147E+01	5.568179E+03
77.9	-1.199301E+06	6.347821E+02	5.374659E+01	5.568179E+03
78.0	-1.199299E+06	6.066536E+02	4.146100E+01	5.568179E+03
78.1	-1.199300E+06	6.598532E+02	5.073993E+01	5.568179E+03
78.2	-1.199300E+06	6.103783E+02	4.650697E+01	5.568179E+03
78.3	-1.199302E+06	6.913787E+02	4.486840E+01	5.568179E+03
78.4	-1.199302E+06	6.388789E+02	4.790465E+01	5.568179E+03
78.5	-1.199303E+06	6.312481E+02	5.097407E+01	5.568179E+03
78.6	-1.199303E+06	5.903807E+02	4.508901E+01	5.568179E+03
78.7	-1.199303E+06	5.626095E+02	4.865448E+01	5.568179E+03
78.8	-1.199304E+06	4.988734E+02	4.839600E+01	5.568179E+03
78.9	-1.199305E+06	4.788586E+02	5.155503E+01	5.568179E+03
79.0	-1.199305E+06	4.341032E+02	4.428266E+01	5.568179E+03
79.1	-1.199307E+06	4.347097E+02	4.955124E+01	5.568179E+03
79.2	-1.199308E+06	3.951076E+02	5.226243E+01	5.568179E+03
79.3	-1.199308E+06	3.481529E+02	5.127970E+01	5.568179E+03
79.4	-1.199309E+06	3.278969E+02	5.479574E+01	5.568179E+03
79.5	-1.199309E+06	2.864640E+02	5.251243E+01	5.568179E+03
79.6	-1.199310E+06	2.684703E+02	5.294249E+01	5.568179E+03
79.7	-1.199310E+06	2.587165E+02	5.405755E+01	5.568179E+03
79.8	-1.199310E+06	2.113804E+02	5.216039E+01	5.568179E+03
79.9	-1.199311E+06	1.881232E+02	5.249564E+01	5.568179E+03
80.0	-1.199312E+06	1.897227E+02	5.280338E+01	5.568179E+03
80.1	-1.199312E+06	1.719952E+02	5.336709E+01	5.568179E+03
80.2	-1.199311E+06	1.541309E+02	5.374437E+01	5.568179E+03
80.3	-1.199312E+06	1.497195E+02	5.293918E+01	5.568179E+03
80.4	-1.199312E+06	1.489112E+02	5.388128E+01	5.568179E+03
80.5	-1.199312E+06	1.287661E+02	5.220405E+01	5.568179E+03
80.6	-1.199312E+06	1.260353E+02	5.398320E+01	5.568179E+03
80.7	-1.199312E+06	1.135210E+02	5.517795E+01	5.568179E+03
80.8	-1.199312E+06	1.027104E+02	5.467189E+01	5.568179E+03
80.9	-1.199313E+06	9.996508E+01	5.402516E+01	5.568179E+03
81.0	-1.199313E+06	1.010157E+02	5.420721E+01	5.568179E+03
81.1	-1.199313E+06	1.002325E+02	5.440720E+01	5.568179E+03
81.2	-1.199313E+06	9.271410E+01	5.231820E+01	5.568179E+03
81.3	-1.199313E+06	9.460919E+01	5.209331E+01	5.568179E+03
81.4	-1.199313E+06	1.016929E+02	5.325027E+01	5.568179E+03
81.5	-1.199313E+06	9.618126E+01	5.224230E+01	5.568179E+03
81.6	-1.199313E+06	1.013739E+02	5.147111E+01	5.568179E+03
81.7	-1.199313E+06	1.072402E+02	5.375473E+01	5.568179E+03
81.8	-1.199313E+06	1.033562E+02	5.390948E+01	5.568179E+03
81.9	-1.199313E+06	1.094448E+02	5.369708E+01	5.568179E+03
82.0	-1.199313E+06	1.196070E+02	5.284790E+01	5.568179E+03
82.1	-1.199313E+06	1.186197E+02	5.326582E+01	5.568179E+03
82.2	-1.199313E+06	1.303409E+02	5.358599E+01	5.568179E+03
82.3	-1.199312E+06	1.292172E+02	5.343992E+01	5.568179E+03
82.4	-1.199312E+06	1.397176E+02	5.420921E+01	5.568179E+03
82.5	-1.199312E+06	1.440095E+02	5.266812E+01	5.568179E+03
82.6	-1.199312E+06	1.680584E+02	5.201535E+01	5.568179E+03
82.7	-1.199312E+06	1.792308E+02	5.421296E+01	5.568179E+03
82.8	-1.199311E+06	1.804353E+02	5.306979E+01	5.568179E+03
82.9	-1.199311E+06	2.008413E+02	5.283248E+01	5.568179E+03
83.0	-1.199311E+06	2.296997E+02	5.204587E+01	5.568179E+03
83.1	-1.199310E+06	2.409526E+02	5.391770E+01	5.568179E+03
83.2	-1.199309E+06	2.526804E+02	5.360247E+01	5.568179E+03
83.3	-1.199309E+06	2.956246E+02	5.186344E+01	5.568179E+03
83.4	-1.199308E+06	3.166816E+02	5.160476E+01	5.568179E+03
83.5	-1.199307E+06	3.504147E+02	4.919877E+01	5.568179E+03
83.6	-1.199306E+06	3.672216E+02	4.741569E+01	5.568179E+03
83.7	-1.199306E+06	4.349312E+02	5.106152E+01	5.568179E+03
83.8	-1.199305E+06	4.420630E+02	5.029052E+01	5.568179E+03
83.9	-1.199305E+06	5.163050E+02	4.624904E+01	5.568179E+03
84.0	-1.199304E+06	5.142031E+02	4.506228E+01	5.568179E+03
84.1	-1.199303E+06	5.263872E+02	5.176435E+01	5.568179E+03
84.2	-1.199302E+06	5.722129E+02	4.911965E+01	5.568179E+03
84.3	-1.199302E+06	6.330405E+02	5.371504E+01	5.568179E+03
84.4	-1.199301E+06	6.075460E+02	4.938689E+01	5.568179E+03
84.5	-1.199301E+06	6.608546E+02	5.093686E+01	5.568179E+03
84.6	-1.199301E+06	6.914429E+02	5.036807E+01	5.568179E+03
84.7	-1.199300E+06	6.735687E+02	4.955397E+01	5.568179E+03
84.8	-1.199300E+06	6.307134E+02	4.357449E+01	5.568179E+03
84.9	-1.199302E+06	7.090250E+02	4.716239E+01	5.568179E+03
85.0	-1.199302E+06	6.274272E+02	4.472277E+01	5.568179E+03
85.1	-1.199303E+06	5.855144E+02	4.653688E+01	5.568179E+03
85.2	-1.199303E+06	5.543165E+02	4.715064E+01	5.568179E+03
85.3	-1.199304E+06	5.284978E+02	4.264688E+01	5.568179E+03
85.4	-1.199304E+06	4.839557E+02	4.674293E+01	5.568179E+03
85.5	-1.199305E+06	4.342940E+02	5.357031E+01	5.568179E+03
85.6	-1.199306E+06	4.154098E+02	5.102475E+01	5.568179E+03
85.7	-1.199306E+06	3.547236E+02	4.969302E+01	5.568179E+03
85.8	-1.199307E+06	3.564067E+02	5.405148E+01	5.568179E+03
85.9	-1.199308E+06	2.994809E+02	5.456171E+01	5.568179E+03
86.0	-1.199309E+06	2.933838E+02	5.549201E+01	5.568179E+03
86.1	-1.199310E+06	2.605828E+02	5.552702E+01	5.568179E+03
86.2	-1.199310E+06	2.340789E+02	5.283012E+01	5.568179E+03
86.3	-1.199311E+06	2.206003E+02	5.401611E+01	5.568179E+03
86.4	-1.199311E+06	2.057324E+02	5.480902E+01	5.568179E+03
86.5	-1.199311E+06	1.990610E+02	5.453384E+01	5.568179E+03
86.6	-1.199312E+06	1.804381E+02	5.485178E+01	5.568179E+03
86.7	-1.199312E+06	1.671861E+02	5.345813E+01	5.568179E+03
86.8	-1.199312E+06	1.545765E+02	5.122630E+01	5.568179E+03
86.9	-1.199312E+06	1.454412E+02	5.099698E+01	5.568179E+03
87.0	-1.199312E+06	1.273954E+02	5.125996E+01	5.568179E+03
87.1	-1.199312E+06	1.212859E+02	5.007574E+01	5.568179E+03
87.2	-1.199312E+06	1.162420E+02	5.139808E+01	5.568179E+03
87.3	-1.199312E+06	1.118304E+02	5.293124E+01	5.568179E+03
87.4	-1.199312E+06	1.113354E+02	5.282428E+01	5.568179E+03
87.5	-1.199312E+06	1.015790E+02	5.364449E+01	5.568179E+03
87.6	-1.199312E+06	9.977748E+01	5.597275E+01	5.568179E+03
87.7	-1.199313E+06	1.072356E+02	5.531095E+01	5.568179E+03
87.8	-1.199313E+06	1.016847E+02	5.671027E+01	5.568179E+03
87.9	-1.199313E+06	1.031942E+02	5.652406E+01	5.568179E+03
88.0	-1.199313E+06	1.012809E+02	5.542566E+01	5.568179E+03
88.1	-1.199313E+06	1.039409E+02	5.388856E+01	5.568179E+03
88.2	-1.199313E+06	1.035241E+02	5.452917E+01	5.568179E+03
88.3	-1.199313E+06	1.034322E+02	5.310611E+01	5.568179E+03
88.4	-1.199312E+06	1.031221E+02	5.141860E+01	5.568179E+03
88.5	-1.199312E+06	1.118432E+02	5.154412E+01	5.568179E+03
88.6	-1.199313E+06	1.229866E+02	5.096145E+01	5.568179E+03
88.7	-1.199312E+06	1.284783E+02	4.988635E+01	5.568179E+03
88.8	-1.199312E+06	1.355289E+02	5.155062E+01	5.568179E+03
88.9	-1.199312E+06	1.438215E+02	5.339508E+01	5.568179E+03
89.0	-1.199312E+06	1.518044E+02	5.290610E+01	5.568179E+03
89.1	-1.199311E+06	1.518460E+02	5.426114E+01	5.568179E+03
89.2	-1.199311E+06	1.636288E+02	5.508587E+01	5.568179E+03
89.3	-1.199311E+06	1.963679E+02	5.244307E+01	5.568179E+03
89.4	-1.199311E+06	2.063638E+02	5.372279E+01	5.568179E+03
89.5	-1.199311E+06	2.245658E+02	5.473098E+01	5.568179E+03
89.6	-1.199310E+06	2.515845E+02	5.462272E+01	5.568179E+03
89.7	-1.199310E+06	2.777408E+02	5.329681E+01	5.568179E+03
89.8	-1.199309E+06	3.040762E+02	5.354286E+01	5.568179E+03
89.9	-1.199308E+06	3.230179E+02	5.264876E+01	5.568179E+03
90.0	-1.199307E+06	3.526044E+02	5.200446E+01	5.568179E+03
90.1	-1.199305E+06	3.535282E+02	4.980964E+01	5.568179E+03
90.2	-1.199305E+06	4.227355E+02	5.010295E+01	5.568179E+03
90.3	-1.199304E+06	4.682050E+02	4.730946E+01	5.568179E+03
90.4	-1.199303E+06	4.589775E+02	4.278307E+01	5.568179E+03
90.5	-1.199302E+06	5.141416E+02	4.420105E+01	5.568179E+03
90.6	-1.199302E+06	5.504183E+02	4.723807E+01	5.568179E+03
90.7	-1.199302E+06	5.964441E+02	4.726463E+01	5.568179E+03
90.8	-1.199302E+06	6.275569E+02	4.967476E+01	5.568179E+03
90.9	-1.199301E+06	6.408508E+02	4.655256E+01	5.568179E+03
91.0	-1.199300E+06	6.475395E+02	5.064404E+01	5.568179E+03
91.1	-1.199301E+06	6.872948E+02	5.014239E+01	5.568179E+03
91.2	-1.199301E+06	6.799273E+02	5.033763E+01	5.568179E+03
91.3	-1.199302E+06	6.820684E+02	5.127715E+01	5.568179E+03
91.4	-1.199301E+06	6.469493E+02	5.595323E+01	5.568179E+03
91.5	-1.199302E+06	6.584015E+02	4.911054E+01	5.568179E+03
91.6	-1.199302E+06	6.139294E+02	4.766555E+01	5.568179E+03
91.7	-1.199302E+06	5.615875E+02	5.176301E+01	5.568179E+03
91.8	-1.199304E+06	5.190897E+02	5.702134E+01	5.568179E+03
91.9	-1.199304E+06	4.807415E+02	5.382471E+01	5.568179E+03
92.0	-1.199305E+06	4.382853E+02	5.046811E+01	5.568179E+03
92.1	-1.199305E+06	3.927924E+02	5.132233E+01	5.568179E+03
92.2	-1.199306E+06	3.661169E+02	4.820656E+01	5.568179E+03
92.3	-1.199307E+06	3.398296E+02	4.583690E+01	5.568179E+03
92.4	-1.199307E+06	3.190003E+02	5.087208E+01	5.568179E+03
92.5	-1.199308E+06	2.848083E+02	4.841865E+01	5.568179E+03
92.6	-1.199309E+06	2.596335E+02	5.005607E+01	5.568179E+03
92.7	-1.199310E+06	2.399306E+02	5.258412E+01	5.568179E+03
92.8	-1.199311E+06	2.279639E+02	5.451681E+01	5.568179E+03
92.9	-1.199311E+06	2.024064E+02	5.570982E+01	5.568179E+03
93.0	-1.199311E+06	1.885856E+02	5.818693E+01	5.568179E+03
93.1	-1.199311E+06	1.657302E+02	5.582560E+01	5.568179E+03
93.2	-1.199312E+06	1.562800E+02	5.634290E+01	5.568179E+03
93.3	-1.199312E+06	1.485586E+02	5.542219E+01	5.568179E+03
93.4	-1.199312E+06	1.423158E+02	5.552313E+01	5.568179E+03
93.5	-1.199312E+06	1.315504E+02	5.355772E+01	5.568179E+03
93.6	-1.199312E+06	1.211621E+02	5.346297E+01	5.568179E+03
93.7	-1.199312E+06	1.190229E+02	5.231213E+01	5.568179E+03
93.8	-1.199312E+06	1.098547E+02	5.272753E+01	5.568179E+03
93.9	-1.199312E+06	1.042979E+02	5.182802E+01	5.568179E+03
94.0	-1.199313E+06	1.077457E+02	5.195884E+01	5.568179E+03
94.1	-1.199313E+06	1.017090E+02	5.150802E+01	5.568179E+03
94.2	-1.199313E+06	1.029228E+02	5.319016E+01	5.568179E+03
94.3	-1.199312E+06	1.011178E+02	5.445182E+01	5.568179E+03
94.4	-1.199313E+06	9.604171E+01	5.479062E+01	5.568179E+03
94.5	-1.199313E+06	1.055848E+02	5.369244E+01	5.568179E+03
94.6	-1.199313E+06	1.045384E+02	5.326366E+01	5.568179E+03
94.7	-1.199313E+06	1.018705E+02	5.601542E+01	5.568179E+03
94.8	-1.199313E+06	1.067068E+02	5.376187E+01	5.568179E+03
94.9	-1.199313E+06	1.068160E+02	5.196659E+01	5.568179E+03
95.0	-1.199312E+06	1.119277E+02	5.495120E+01	5.568179E+03
95.1	-1.199312E+06	1.250181E+02	5.278780E+01	5.568179E+03
95.2	-1.199312E+06	1.204400E+02	5.408727E+01	5.568179E+03
95.3	-1.199312E+06	1.278037E+02	5.672781E+01	5.568179E+03
95.4	-1.199312E+06	1.433308E+02	5.373520E+01	5.568179E+03
95.5	-1.199312E+06	1.508211E+02	5.182068E+01	5.568179E+03
95.6	-1.199311E+06	1.590144E+02	5.272782E+01	5.568179E+03
95.7	-1.199311E+06	1.783535E+02	5.190835E+01	5.568179E+03
95.8	-1.199311E+06	1.812534E+02	5.233030E+01	5.568179E+03
95.9	-1.199311E+06	2.161105E+02	5.069732E+01	5.568179E+03
96.0	-1.199310E+06	2.052758E+02	5.273112E+01	5.568179E+03
96.1	-1.199310E+06	2.437249E+02	5.197432E+01	5.568179E+03
96.2	-1.199310E+06	2.780356E+02	5.106690E+01	5.568179E+03
96.3	-1.199309E+06	2.865952E+02	5.556504E+01	5.568179E+03
96.4	-1.199308E+06	3.334283E+02	5.517906E+01	5.568179E+03
96.5	-1.199308E+06	3.504295E+02	4.870879E+01	5.568179E+03
96.6	-1.199307E+06	3.828273E+02	5.811376E+01	5.568179E+03
96.7	-1.199306E+06	3.826138E+02	5.542224E+01	5.568179E+03
96.8	-1.199305E+06	4.362516E+02	5.213138E+01	5.568179E+03
96.9	-1.199305E+06	5.064233E+02	4.844812E+01	5.568179E+03
97.0	-1.199305E+06	5.655780E+02	4.785350E+01	5.568179E+03
97.1	-1.199303E+06	5.395774E+02	4.655040E+01	5.568179E+03
97.2	-1.199302E+06	6.108368E+02	4.708919E+01	5.568179E+03
97.3	-1.199302E+06	6.458128E+02	4.689069E+01	5.568179E+03
97.4	-1.199302E+06	6.521668E+02	4.621592E+01	5.568179E+03
97.5	-1.199301E+06	6.880304E+02	4.818601E+01	5.568179E+03
97.6	-1.199301E+06	6.908666E+02	5.532573E+01	5.568179E+03
97.7	-1.199301E+06	6.721010E+02	5.048877E+01	5.568179E+03
97.8	-1.199301E+06	6.507234E+02	5.246139E+01	5.568179E+03
97.9	-1.199301E+06	6.293385E+02	4.950568E+01	5.568179E+03
98.0	-1.199302E+06	6.144122E+02	4.982088E+01	5.568179E+03
98.1	-1.199302E+06	5.950161E+02	5.187206E+01	5.568179E+03
98.2	-1.199303E+06	5.758214E+02	4.785689E+01	5.568179E+03
98.3	-1.199303E+06	5.393395E+02	4.874541E+01	5.568179E+03
98.4	-1.199304E+06	4.834190E+02	5.021103E+01	5.568179E+03
98.5	-1.199305E+06	4.494730E+02	5.099742E+01	5.568179E+03
98.6	-1.199306E+06	4.343829E+02	5.348906E+01	5.568179E+03
98.7	-1.199306E+06	3.826486E+02	5.014235E+01	5.568179E+03
98.8	-1.199307E+06	3.590571E+02	5.235504E+01	5.568179E+03
98.9	-1.199307E+06	3.033471E+02	5.436806E+01	5.568179E+03
99.0	-1.199309E+06	3.052144E+02	4.999713E+01	5.568179E+03
99.1	-1.199309E+06	2.735441E+02	5.085979E+01	5.568179E+03
99.2	-1.199309E+06	2.500392E+02	5.239002E+01	5.568179E+03
99.3	-1.199309E+06	2.290804E+02	5.161212E+01	5.568179E+03
99.4	-1.199309E+06	1.951825E+02	5.024723E+01	5.568179E+03
99.5	-1.199309E+06	1.812054E+02	5.222163E+01	5.568179E+03
99.6	-1.199310E+06	1.760211E+02	5.289035E+01	5.568179E+03
99.7	-1.199310E+06	1.590841E+02	5.500282E+01	5.568179E+03
99.8	-1.199310E+06	1.517274E+02	5.401541E+01	5.568179E+03
99.9	-1.199311E+06	1.387791E+02	5.560851E+01	5.568179E+03
100.0	-1.199311E+06	1.311972E+02	5.344956E+01	5.568179E+03
