t	totalEnergy 	temperature  	pressure 	volume 		PtensXX 	PtensXY 	PtensXZ 	PtensYX 	PtensYY 	PtensYZ 	PtensZX 	PtensZY 	PtensZZ
0,0	-1,199292E+06	3,000000E+02	1,671659E+01	5,568179E+03
0,01	-1,199299E+06	6,972240E+02	3,964058E+01	5,568179E+03
0,02	-1,199301E+06	7,924200E+02	5,967879E+01	5,568179E+03
0,03	-1,199299E+06	6,779099E+02	6,844468E+01	5,568179E+03
0,04	-1,199299E+06	6,926654E+02	6,677313E+01	5,568179E+03
0,05	-1,199299E+06	7,076480E+02	5,314339E+01	5,568179E+03
0,06	-1,199299E+06	6,500030E+02	4,303463E+01	5,568179E+03
0,07	-1,199298E+06	6,218889E+02	4,135934E+01	5,568179E+03
0,08	-1,199301E+06	7,224650E+02	4,597196E+01	5,568179E+03
0,09	-1,199301E+06	7,672848E+02	5,514381E+01	5,568179E+03
0,1	-1,199299E+06	6,935276E+02	6,069522E+01	5,568179E+03
0,11	-1,199298E+06	6,281507E+02	5,816235E+01	5,568179E+03
0,12	-1,199299E+06	6,617169E+02	5,353705E+01	5,568179E+03
0,13	-1,199300E+06	6,645572E+02	4,671619E+01	5,568179E+03
0,14	-1,199299E+06	6,172840E+02	4,044125E+01	5,568179E+03
0,15	-1,199299E+06	6,668626E+02	4,472135E+01	5,568179E+03
0,16	-1,199300E+06	6,991863E+02	4,718587E+01	5,568179E+03
0,17	-1,199300E+06	6,606365E+02	4,955703E+01	5,568179E+03
0,18	-1,199299E+06	6,443798E+02	5,191567E+01	5,568179E+03
0,19	-1,199299E+06	6,346340E+02	4,909014E+01	5,568179E+03
0,2	-1,199300E+06	6,850081E+02	4,671576E+01	5,568179E+03
0,21	-1,199300E+06	7,074860E+02	4,430224E+01	5,568179E+03
0,22	-1,199299E+06	6,522235E+02	4,142875E+01	5,568179E+03
0,23	-1,199300E+06	6,780043E+02	4,926035E+01	5,568179E+03
0,24	-1,199301E+06	6,743746E+02	5,352891E+01	5,568179E+03
0,25	-1,199299E+06	6,330134E+02	5,615160E+01	5,568179E+03
0,26	-1,199299E+06	5,976511E+02	5,697083E+01	5,568179E+03
0,27	-1,199300E+06	6,522842E+02	4,959789E+01	5,568179E+03
0,28	-1,199301E+06	6,629742E+02	4,410184E+01	5,568179E+03
0,29	-1,199300E+06	6,468510E+02	4,251579E+01	5,568179E+03
0,3	-1,199300E+06	6,309605E+02	4,194687E+01	5,568179E+03
0,31	-1,199300E+06	6,471405E+02	4,792499E+01	5,568179E+03
0,32	-1,199299E+06	6,373386E+02	5,591121E+01	5,568179E+03
0,33	-1,199299E+06	6,139759E+02	5,816840E+01	5,568179E+03
0,34	-1,199301E+06	6,549061E+02	5,676574E+01	5,568179E+03
0,35	-1,199301E+06	6,394066E+02	5,101029E+01	5,568179E+03
0,36	-1,199300E+06	6,148378E+02	4,313022E+01	5,568179E+03
0,37	-1,199300E+06	6,114181E+02	4,461802E+01	5,568179E+03
0,38	-1,199300E+06	6,484717E+02	4,425255E+01	5,568179E+03
0,39	-1,199300E+06	5,757277E+02	4,725001E+01	5,568179E+03
0,4	-1,199301E+06	6,251169E+02	5,314874E+01	5,568179E+03
0,41	-1,199301E+06	6,118604E+02	5,331506E+01	5,568179E+03
0,42	-1,199301E+06	6,015966E+02	5,385995E+01	5,568179E+03
0,43	-1,199301E+06	6,328640E+02	5,231015E+01	5,568179E+03
0,44	-1,199300E+06	5,944116E+02	4,733512E+01	5,568179E+03
0,45	-1,199301E+06	6,012285E+02	4,616403E+01	5,568179E+03
0,46	-1,199301E+06	5,850097E+02	4,545094E+01	5,568179E+03
0,47	-1,199300E+06	5,842711E+02	4,581130E+01	5,568179E+03
0,48	-1,199300E+06	5,748447E+02	5,082870E+01	5,568179E+03
0,49	-1,199302E+06	6,109294E+02	5,360284E+01	5,568179E+03
0,5	-1,199300E+06	5,573990E+02	5,469156E+01	5,568179E+03
0,51	-1,199300E+06	5,444490E+02	5,467363E+01	5,568179E+03
0,52	-1,199302E+06	5,828819E+02	5,074364E+01	5,568179E+03
0,53	-1,199302E+06	5,932678E+02	4,855009E+01	5,568179E+03
0,54	-1,199301E+06	5,792410E+02	4,788955E+01	5,568179E+03
0,55	-1,199301E+06	5,493331E+02	4,772889E+01	5,568179E+03
0,56	-1,199301E+06	5,457909E+02	5,188055E+01	5,568179E+03
0,57	-1,199301E+06	5,624654E+02	5,392685E+01	5,568179E+03
0,58	-1,199301E+06	5,257508E+02	5,149497E+01	5,568179E+03
0,59	-1,199302E+06	5,585237E+02	5,032705E+01	5,568179E+03
0,6	-1,199302E+06	5,595902E+02	4,905447E+01	5,568179E+03
0,61	-1,199301E+06	5,330665E+02	5,093968E+01	5,568179E+03
0,62	-1,199302E+06	5,569349E+02	5,429594E+01	5,568179E+03
0,63	-1,199302E+06	5,224067E+02	5,379564E+01	5,568179E+03
0,64	-1,199302E+06	5,499961E+02	5,266246E+01	5,568179E+03
0,65	-1,199302E+06	5,389270E+02	5,144153E+01	5,568179E+03
0,66	-1,199302E+06	5,207128E+02	4,837697E+01	5,568179E+03
0,67	-1,199302E+06	5,394483E+02	5,104160E+01	5,568179E+03
0,68	-1,199303E+06	5,512195E+02	5,062439E+01	5,568179E+03
0,69	-1,199303E+06	5,234755E+02	4,690481E+01	5,568179E+03
0,7	-1,199302E+06	4,896769E+02	4,777992E+01	5,568179E+03
0,71	-1,199303E+06	4,881433E+02	4,748867E+01	5,568179E+03
0,72	-1,199303E+06	4,880819E+02	4,861797E+01	5,568179E+03
0,73	-1,199303E+06	5,065573E+02	5,089735E+01	5,568179E+03
0,74	-1,199303E+06	4,899654E+02	4,866028E+01	5,568179E+03
0,75	-1,199304E+06	4,950138E+02	4,859758E+01	5,568179E+03
0,76	-1,199303E+06	4,913357E+02	4,886318E+01	5,568179E+03
0,77	-1,199302E+06	4,934811E+02	4,968168E+01	5,568179E+03
0,78	-1,199304E+06	5,136945E+02	5,311718E+01	5,568179E+03
0,79	-1,199303E+06	4,781865E+02	5,551733E+01	5,568179E+03
0,8	-1,199303E+06	4,804455E+02	5,447787E+01	5,568179E+03
0,81	-1,199303E+06	4,530641E+02	5,305142E+01	5,568179E+03
0,82	-1,199304E+06	4,643007E+02	4,990962E+01	5,568179E+03
0,83	-1,199303E+06	4,552998E+02	4,665863E+01	5,568179E+03
0,84	-1,199304E+06	4,600337E+02	4,771496E+01	5,568179E+03
0,85	-1,199304E+06	4,417491E+02	4,922085E+01	5,568179E+03
0,86	-1,199304E+06	4,619156E+02	5,252890E+01	5,568179E+03
0,87	-1,199304E+06	4,683920E+02	5,635350E+01	5,568179E+03
0,88	-1,199304E+06	4,347209E+02	5,391794E+01	5,568179E+03
0,89	-1,199304E+06	4,390726E+02	5,356844E+01	5,568179E+03
0,9	-1,199304E+06	4,376236E+02	5,239508E+01	5,568179E+03
0,91	-1,199304E+06	4,306028E+02	5,064300E+01	5,568179E+03
0,92	-1,199304E+06	4,405062E+02	5,178827E+01	5,568179E+03
0,93	-1,199305E+06	4,462285E+02	5,252969E+01	5,568179E+03
0,94	-1,199305E+06	4,179248E+02	5,220421E+01	5,568179E+03
0,95	-1,199304E+06	4,044950E+02	5,385118E+01	5,568179E+03
0,96	-1,199305E+06	4,138097E+02	5,307674E+01	5,568179E+03
0,97	-1,199305E+06	4,207019E+02	5,316368E+01	5,568179E+03
0,98	-1,199305E+06	3,899622E+02	5,243149E+01	5,568179E+03
0,99	-1,199305E+06	4,083476E+02	4,903312E+01	5,568179E+03
1,0	-1,199305E+06	3,847966E+02	5,017941E+01	5,568179E+03
1,01	-1,199306E+06	4,173738E+02	5,142082E+01	5,568179E+03
1,02	-1,199306E+06	4,092440E+02	5,095315E+01	5,568179E+03
1,03	-1,199305E+06	3,839090E+02	5,261976E+01	5,568179E+03
1,04	-1,199305E+06	3,720782E+02	5,206560E+01	5,568179E+03
1,05	-1,199306E+06	3,842873E+02	5,237495E+01	5,568179E+03
1,06	-1,199305E+06	3,740160E+02	5,267269E+01	5,568179E+03
1,07	-1,199306E+06	3,718184E+02	5,058792E+01	5,568179E+03
1,08	-1,199306E+06	4,000821E+02	5,157429E+01	5,568179E+03
1,09	-1,199305E+06	3,585950E+02	5,232191E+01	5,568179E+03
1,1	-1,199305E+06	3,570967E+02	5,244913E+01	5,568179E+03
1,11	-1,199306E+06	3,612315E+02	5,406602E+01	5,568179E+03
1,12	-1,199306E+06	3,497973E+02	5,437854E+01	5,568179E+03
1,13	-1,199306E+06	3,493144E+02	5,284415E+01	5,568179E+03
1,14	-1,199306E+06	3,562039E+02	5,239680E+01	5,568179E+03
1,15	-1,199306E+06	3,543193E+02	5,340354E+01	5,568179E+03
1,16	-1,199306E+06	3,563104E+02	5,523495E+01	5,568179E+03
1,17	-1,199306E+06	3,460970E+02	5,742142E+01	5,568179E+03
1,18	-1,199307E+06	3,499163E+02	5,494563E+01	5,568179E+03
1,19	-1,199307E+06	3,396849E+02	5,357586E+01	5,568179E+03
1,2	-1,199307E+06	3,256325E+02	5,244871E+01	5,568179E+03
1,21	-1,199307E+06	3,250635E+02	4,996513E+01	5,568179E+03
1,22	-1,199307E+06	3,105098E+02	5,187818E+01	5,568179E+03
1,23	-1,199306E+06	3,278004E+02	5,379199E+01	5,568179E+03
1,24	-1,199307E+06	3,234339E+02	5,370656E+01	5,568179E+03
1,25	-1,199307E+06	3,376879E+02	5,483492E+01	5,568179E+03
1,26	-1,199308E+06	3,313294E+02	5,434807E+01	5,568179E+03
1,27	-1,199307E+06	2,920592E+02	5,424595E+01	5,568179E+03
1,28	-1,199307E+06	3,067646E+02	5,459756E+01	5,568179E+03
1,29	-1,199307E+06	3,190492E+02	5,280950E+01	5,568179E+03
1,3	-1,199307E+06	2,850762E+02	5,070383E+01	5,568179E+03
1,31	-1,199308E+06	2,906755E+02	5,026445E+01	5,568179E+03
1,32	-1,199308E+06	2,960819E+02	5,123681E+01	5,568179E+03
1,33	-1,199308E+06	2,983533E+02	5,456630E+01	5,568179E+03
1,34	-1,199307E+06	2,767424E+02	5,521943E+01	5,568179E+03
1,35	-1,199308E+06	2,760872E+02	5,448803E+01	5,568179E+03
1,36	-1,199308E+06	2,779871E+02	5,471759E+01	5,568179E+03
1,37	-1,199308E+06	2,916717E+02	5,292541E+01	5,568179E+03
1,38	-1,199308E+06	2,875863E+02	5,206294E+01	5,568179E+03
1,39	-1,199308E+06	2,887527E+02	5,297475E+01	5,568179E+03
1,4	-1,199308E+06	2,717871E+02	5,240509E+01	5,568179E+03
1,41	-1,199308E+06	2,853295E+02	5,305558E+01	5,568179E+03
1,42	-1,199308E+06	2,671374E+02	5,360942E+01	5,568179E+03
1,43	-1,199308E+06	2,659475E+02	5,372310E+01	5,568179E+03
1,44	-1,199308E+06	2,501889E+02	5,453620E+01	5,568179E+03
1,45	-1,199308E+06	2,584631E+02	5,391489E+01	5,568179E+03
1,46	-1,199308E+06	2,650146E+02	5,328101E+01	5,568179E+03
1,47	-1,199308E+06	2,508377E+02	5,335332E+01	5,568179E+03
1,48	-1,199308E+06	2,509021E+02	5,212248E+01	5,568179E+03
1,49	-1,199308E+06	2,561455E+02	5,232207E+01	5,568179E+03
1,5	-1,199308E+06	2,430736E+02	5,438883E+01	5,568179E+03
1,51	-1,199309E+06	2,605369E+02	5,329112E+01	5,568179E+03
1,52	-1,199308E+06	2,344676E+02	5,230261E+01	5,568179E+03
1,53	-1,199309E+06	2,382724E+02	5,218974E+01	5,568179E+03
1,54	-1,199309E+06	2,465366E+02	5,148963E+01	5,568179E+03
1,55	-1,199309E+06	2,364733E+02	5,356302E+01	5,568179E+03
1,56	-1,199309E+06	2,459851E+02	5,484496E+01	5,568179E+03
1,57	-1,199309E+06	2,336923E+02	5,455358E+01	5,568179E+03
1,58	-1,199309E+06	2,383748E+02	5,398263E+01	5,568179E+03
1,59	-1,199309E+06	2,251825E+02	5,122393E+01	5,568179E+03
1,6	-1,199309E+06	2,235441E+02	5,059662E+01	5,568179E+03
1,61	-1,199309E+06	2,271683E+02	5,256080E+01	5,568179E+03
1,62	-1,199309E+06	2,271592E+02	5,344610E+01	5,568179E+03
1,63	-1,199309E+06	2,247193E+02	5,523716E+01	5,568179E+03
1,64	-1,199309E+06	2,228161E+02	5,624445E+01	5,568179E+03
1,65	-1,199309E+06	2,235692E+02	5,459511E+01	5,568179E+03
1,66	-1,199309E+06	2,250425E+02	5,355193E+01	5,568179E+03
1,67	-1,199309E+06	2,163721E+02	5,097632E+01	5,568179E+03
1,68	-1,199309E+06	1,992532E+02	4,874777E+01	5,568179E+03
1,69	-1,199309E+06	1,982211E+02	5,014463E+01	5,568179E+03
1,7	-1,199309E+06	2,124795E+02	5,198102E+01	5,568179E+03
1,71	-1,199309E+06	2,090955E+02	5,460481E+01	5,568179E+03
1,72	-1,199309E+06	2,135509E+02	5,604672E+01	5,568179E+03
1,73	-1,199309E+06	2,050075E+02	5,404965E+01	5,568179E+03
1,74	-1,199309E+06	2,007129E+02	5,313671E+01	5,568179E+03
1,75	-1,199309E+06	1,979841E+02	5,129520E+01	5,568179E+03
1,76	-1,199309E+06	2,071093E+02	5,111710E+01	5,568179E+03
1,77	-1,199309E+06	2,036177E+02	5,390333E+01	5,568179E+03
1,78	-1,199309E+06	1,879646E+02	5,493094E+01	5,568179E+03
1,79	-1,199309E+06	2,007087E+02	5,521743E+01	5,568179E+03
1,8	-1,199309E+06	1,916728E+02	5,526008E+01	5,568179E+03
1,81	-1,199309E+06	1,942088E+02	5,399325E+01	5,568179E+03
1,82	-1,199309E+06	1,928360E+02	5,289569E+01	5,568179E+03
1,83	-1,199309E+06	1,899118E+02	5,201467E+01	5,568179E+03
1,84	-1,199309E+06	1,781875E+02	5,115857E+01	5,568179E+03
1,85	-1,199309E+06	1,880092E+02	5,249954E+01	5,568179E+03
1,86	-1,199309E+06	1,825759E+02	5,376874E+01	5,568179E+03
1,87	-1,199309E+06	1,819271E+02	5,384098E+01	5,568179E+03
1,88	-1,199309E+06	1,820067E+02	5,447427E+01	5,568179E+03
1,89	-1,199309E+06	1,797522E+02	5,319424E+01	5,568179E+03
1,9	-1,199310E+06	1,833611E+02	5,212758E+01	5,568179E+03
1,91	-1,199309E+06	1,588905E+02	5,303853E+01	5,568179E+03
1,92	-1,199310E+06	1,927717E+02	5,384816E+01	5,568179E+03
1,93	-1,199309E+06	1,638562E+02	5,466935E+01	5,568179E+03
1,94	-1,199309E+06	1,689251E+02	5,565736E+01	5,568179E+03
1,95	-1,199310E+06	1,759606E+02	5,517884E+01	5,568179E+03
1,96	-1,199310E+06	1,704521E+02	5,440045E+01	5,568179E+03
1,97	-1,199310E+06	1,676194E+02	5,279601E+01	5,568179E+03
1,98	-1,199310E+06	1,659369E+02	5,159665E+01	5,568179E+03
1,99	-1,199309E+06	1,622861E+02	5,154937E+01	5,568179E+03
2,0	-1,199309E+06	1,605374E+02	5,122772E+01	5,568179E+03
2,01	-1,199310E+06	1,641897E+02	5,189056E+01	5,568179E+03
2,02	-1,199310E+06	1,605199E+02	5,327719E+01	5,568179E+03
2,03	-1,199309E+06	1,537202E+02	5,348592E+01	5,568179E+03
2,04	-1,199310E+06	1,597846E+02	5,256025E+01	5,568179E+03
2,05	-1,199310E+06	1,604697E+02	5,197635E+01	5,568179E+03
2,06	-1,199310E+06	1,571038E+02	5,085553E+01	5,568179E+03
2,07	-1,199310E+06	1,602996E+02	5,200518E+01	5,568179E+03
2,08	-1,199310E+06	1,596980E+02	5,313601E+01	5,568179E+03
2,09	-1,199310E+06	1,501657E+02	5,348887E+01	5,568179E+03
2,1	-1,199310E+06	1,538661E+02	5,436910E+01	5,568179E+03
2,11	-1,199310E+06	1,559322E+02	5,313684E+01	5,568179E+03
2,12	-1,199310E+06	1,507399E+02	5,152036E+01	5,568179E+03
2,13	-1,199310E+06	1,472286E+02	5,084585E+01	5,568179E+03
2,14	-1,199310E+06	1,443958E+02	5,033931E+01	5,568179E+03
2,15	-1,199310E+06	1,441685E+02	5,157410E+01	5,568179E+03
2,16	-1,199310E+06	1,387257E+02	5,327868E+01	5,568179E+03
2,17	-1,199310E+06	1,404701E+02	5,317115E+01	5,568179E+03
2,18	-1,199310E+06	1,453546E+02	5,315675E+01	5,568179E+03
2,19	-1,199310E+06	1,417898E+02	5,225562E+01	5,568179E+03
2,2	-1,199310E+06	1,491726E+02	5,147912E+01	5,568179E+03
2,21	-1,199310E+06	1,407435E+02	5,225249E+01	5,568179E+03
2,22	-1,199310E+06	1,361917E+02	5,228371E+01	5,568179E+03
2,23	-1,199310E+06	1,454035E+02	5,238721E+01	5,568179E+03
2,24	-1,199310E+06	1,415483E+02	5,389625E+01	5,568179E+03
2,25	-1,199310E+06	1,361798E+02	5,443113E+01	5,568179E+03
2,26	-1,199310E+06	1,333867E+02	5,478415E+01	5,568179E+03
2,27	-1,199310E+06	1,320964E+02	5,333381E+01	5,568179E+03
2,28	-1,199310E+06	1,353900E+02	5,070157E+01	5,568179E+03
2,29	-1,199310E+06	1,319626E+02	4,959852E+01	5,568179E+03
2,3	-1,199310E+06	1,291653E+02	4,963342E+01	5,568179E+03
2,31	-1,199310E+06	1,288754E+02	5,073090E+01	5,568179E+03
2,32	-1,199310E+06	1,278040E+02	5,253300E+01	5,568179E+03
2,33	-1,199310E+06	1,308805E+02	5,275639E+01	5,568179E+03
2,34	-1,199310E+06	1,351273E+02	5,230891E+01	5,568179E+03
2,35	-1,199310E+06	1,350877E+02	5,221786E+01	5,568179E+03
2,36	-1,199310E+06	1,283334E+02	5,154271E+01	5,568179E+03
2,37	-1,199310E+06	1,284196E+02	5,244890E+01	5,568179E+03
2,38	-1,199310E+06	1,347893E+02	5,343657E+01	5,568179E+03
2,39	-1,199310E+06	1,246572E+02	5,254221E+01	5,568179E+03
2,4	-1,199310E+06	1,239352E+02	5,171220E+01	5,568179E+03
2,41	-1,199310E+06	1,250056E+02	5,109588E+01	5,568179E+03
2,42	-1,199310E+06	1,206578E+02	5,184834E+01	5,568179E+03
2,43	-1,199310E+06	1,187031E+02	5,270569E+01	5,568179E+03
2,44	-1,199310E+06	1,203664E+02	5,240663E+01	5,568179E+03
2,45	-1,199310E+06	1,268017E+02	5,187922E+01	5,568179E+03
2,46	-1,199310E+06	1,150313E+02	5,209935E+01	5,568179E+03
2,47	-1,199310E+06	1,184438E+02	5,255532E+01	5,568179E+03
2,48	-1,199310E+06	1,157085E+02	5,339116E+01	5,568179E+03
2,49	-1,199310E+06	1,260088E+02	5,348108E+01	5,568179E+03
2,5	-1,199310E+06	1,162447E+02	5,216330E+01	5,568179E+03
2,51	-1,199310E+06	1,193053E+02	5,155894E+01	5,568179E+03
2,52	-1,199310E+06	1,195618E+02	5,142261E+01	5,568179E+03
2,53	-1,199310E+06	1,178259E+02	5,194372E+01	5,568179E+03
2,54	-1,199310E+06	1,168883E+02	5,316863E+01	5,568179E+03
2,55	-1,199310E+06	1,072272E+02	5,330616E+01	5,568179E+03
2,56	-1,199310E+06	1,117814E+02	5,357902E+01	5,568179E+03
2,57	-1,199310E+06	1,133757E+02	5,340670E+01	5,568179E+03
2,58	-1,199310E+06	1,100957E+02	5,252228E+01	5,568179E+03
2,59	-1,199311E+06	1,230395E+02	5,174365E+01	5,568179E+03
2,6	-1,199310E+06	1,127711E+02	5,085480E+01	5,568179E+03
2,61	-1,199310E+06	1,120395E+02	5,131384E+01	5,568179E+03
2,62	-1,199310E+06	1,127959E+02	5,266587E+01	5,568179E+03
2,63	-1,199310E+06	1,119904E+02	5,314425E+01	5,568179E+03
2,64	-1,199311E+06	1,227561E+02	5,342652E+01	5,568179E+03
2,65	-1,199310E+06	1,082740E+02	5,346444E+01	5,568179E+03
2,66	-1,199310E+06	1,125180E+02	5,249313E+01	5,568179E+03
2,67	-1,199310E+06	1,110985E+02	5,183959E+01	5,568179E+03
2,68	-1,199310E+06	1,104766E+02	5,181602E+01	5,568179E+03
2,69	-1,199310E+06	1,020277E+02	5,145704E+01	5,568179E+03
2,7	-1,199311E+06	1,109557E+02	5,179198E+01	5,568179E+03
2,71	-1,199310E+06	1,029441E+02	5,227291E+01	5,568179E+03
2,72	-1,199311E+06	1,146014E+02	5,307868E+01	5,568179E+03
2,73	-1,199310E+06	1,008356E+02	5,393371E+01	5,568179E+03
2,74	-1,199311E+06	1,061111E+02	5,302594E+01	5,568179E+03
2,75	-1,199311E+06	1,076119E+02	5,259543E+01	5,568179E+03
2,76	-1,199311E+06	1,074574E+02	5,282012E+01	5,568179E+03
2,77	-1,199311E+06	1,082107E+02	5,313948E+01	5,568179E+03
2,78	-1,199311E+06	1,120966E+02	5,405657E+01	5,568179E+03
2,79	-1,199311E+06	1,027859E+02	5,386415E+01	5,568179E+03
2,8	-1,199311E+06	1,005237E+02	5,339025E+01	5,568179E+03
2,81	-1,199311E+06	1,086350E+02	5,323017E+01	5,568179E+03
2,82	-1,199311E+06	1,074062E+02	5,264634E+01	5,568179E+03
2,83	-1,199311E+06	1,044705E+02	5,208716E+01	5,568179E+03
2,84	-1,199311E+06	1,025037E+02	5,264262E+01	5,568179E+03
2,85	-1,199311E+06	1,047302E+02	5,310493E+01	5,568179E+03
2,86	-1,199311E+06	1,016867E+02	5,397804E+01	5,568179E+03
2,87	-1,199311E+06	1,048925E+02	5,465630E+01	5,568179E+03
2,88	-1,199311E+06	1,003633E+02	5,378831E+01	5,568179E+03
2,89	-1,199311E+06	1,054377E+02	5,394934E+01	5,568179E+03
2,9	-1,199311E+06	1,025401E+02	5,379745E+01	5,568179E+03
2,91	-1,199311E+06	9,925575E+01	5,335515E+01	5,568179E+03
2,92	-1,199311E+06	1,044187E+02	5,466486E+01	5,568179E+03
2,93	-1,199311E+06	1,039279E+02	5,452897E+01	5,568179E+03
2,94	-1,199311E+06	1,024370E+02	5,394147E+01	5,568179E+03
2,95	-1,199311E+06	1,045740E+02	5,416748E+01	5,568179E+03
2,96	-1,199311E+06	1,000250E+02	5,407233E+01	5,568179E+03
2,97	-1,199311E+06	1,022088E+02	5,468806E+01	5,568179E+03
2,98	-1,199311E+06	1,010045E+02	5,523062E+01	5,568179E+03
2,99	-1,199311E+06	1,006382E+02	5,466961E+01	5,568179E+03
3,0	-1,199311E+06	1,020872E+02	5,396528E+01	5,568179E+03
3,01	-1,199311E+06	9,472096E+01	5,388325E+01	5,568179E+03
3,02	-1,199311E+06	1,006696E+02	5,433179E+01	5,568179E+03
3,03	-1,199311E+06	9,613985E+01	5,526295E+01	5,568179E+03
3,04	-1,199311E+06	1,009437E+02	5,504134E+01	5,568179E+03
3,05	-1,199311E+06	9,647181E+01	5,398534E+01	5,568179E+03
3,06	-1,199311E+06	9,953550E+01	5,419845E+01	5,568179E+03
3,07	-1,199311E+06	9,736642E+01	5,459191E+01	5,568179E+03
3,08	-1,199311E+06	1,017773E+02	5,602532E+01	5,568179E+03
3,09	-1,199311E+06	1,010727E+02	5,648898E+01	5,568179E+03
3,1	-1,199311E+06	1,013277E+02	5,516631E+01	5,568179E+03
3,11	-1,199311E+06	9,795669E+01	5,426495E+01	5,568179E+03
3,12	-1,199311E+06	1,011081E+02	5,358367E+01	5,568179E+03
3,13	-1,199311E+06	9,664829E+01	5,376367E+01	5,568179E+03
3,14	-1,199311E+06	9,859483E+01	5,436648E+01	5,568179E+03
3,15	-1,199311E+06	9,729825E+01	5,399885E+01	5,568179E+03
3,16	-1,199311E+06	9,643224E+01	5,397091E+01	5,568179E+03
3,17	-1,199311E+06	9,478213E+01	5,413533E+01	5,568179E+03
3,18	-1,199311E+06	1,016878E+02	5,439910E+01	5,568179E+03
3,19	-1,199311E+06	1,053084E+02	5,460319E+01	5,568179E+03
3,2	-1,199311E+06	9,675443E+01	5,460298E+01	5,568179E+03
3,21	-1,199311E+06	9,658203E+01	5,342970E+01	5,568179E+03
3,22	-1,199311E+06	9,920172E+01	5,295988E+01	5,568179E+03
3,23	-1,199311E+06	9,998142E+01	5,328010E+01	5,568179E+03
3,24	-1,199311E+06	9,614539E+01	5,334560E+01	5,568179E+03
3,25	-1,199311E+06	9,705291E+01	5,384863E+01	5,568179E+03
3,26	-1,199311E+06	9,648727E+01	5,318580E+01	5,568179E+03
3,27	-1,199311E+06	9,468086E+01	5,311530E+01	5,568179E+03
3,28	-1,199311E+06	9,797801E+01	5,401810E+01	5,568179E+03
3,29	-1,199311E+06	9,428316E+01	5,402851E+01	5,568179E+03
3,3	-1,199311E+06	9,804579E+01	5,441164E+01	5,568179E+03
3,31	-1,199311E+06	1,067066E+02	5,385619E+01	5,568179E+03
3,32	-1,199311E+06	9,917145E+01	5,357416E+01	5,568179E+03
3,33	-1,199311E+06	1,028888E+02	5,428938E+01	5,568179E+03
3,34	-1,199311E+06	9,301776E+01	5,406985E+01	5,568179E+03
3,35	-1,199311E+06	9,544583E+01	5,409938E+01	5,568179E+03
3,36	-1,199311E+06	9,721249E+01	5,442065E+01	5,568179E+03
3,37	-1,199311E+06	1,003790E+02	5,439632E+01	5,568179E+03
3,38	-1,199311E+06	1,017869E+02	5,462699E+01	5,568179E+03
3,39	-1,199311E+06	9,248202E+01	5,505422E+01	5,568179E+03
3,4	-1,199311E+06	9,683505E+01	5,407211E+01	5,568179E+03
3,41	-1,199311E+06	9,415635E+01	5,301218E+01	5,568179E+03
3,42	-1,199311E+06	9,259067E+01	5,293520E+01	5,568179E+03
3,43	-1,199311E+06	1,029191E+02	5,362169E+01	5,568179E+03
3,44	-1,199311E+06	1,048135E+02	5,511415E+01	5,568179E+03
3,45	-1,199311E+06	1,063416E+02	5,553350E+01	5,568179E+03
3,46	-1,199311E+06	9,601423E+01	5,490206E+01	5,568179E+03
3,47	-1,199311E+06	9,545436E+01	5,427935E+01	5,568179E+03
3,48	-1,199311E+06	1,033125E+02	5,352478E+01	5,568179E+03
3,49	-1,199311E+06	1,004088E+02	5,370191E+01	5,568179E+03
3,5	-1,199311E+06	9,741400E+01	5,418816E+01	5,568179E+03
3,51	-1,199311E+06	1,069740E+02	5,397946E+01	5,568179E+03
3,52	-1,199311E+06	9,735585E+01	5,416693E+01	5,568179E+03
3,53	-1,199311E+06	9,830292E+01	5,382833E+01	5,568179E+03
3,54	-1,199311E+06	1,009930E+02	5,306428E+01	5,568179E+03
3,55	-1,199311E+06	9,958621E+01	5,343419E+01	5,568179E+03
3,56	-1,199311E+06	9,836513E+01	5,380343E+01	5,568179E+03
3,57	-1,199311E+06	1,004967E+02	5,415878E+01	5,568179E+03
3,58	-1,199311E+06	1,015685E+02	5,438426E+01	5,568179E+03
3,59	-1,199311E+06	1,011949E+02	5,354676E+01	5,568179E+03
3,6	-1,199311E+06	1,029749E+02	5,302537E+01	5,568179E+03
3,61	-1,199311E+06	9,973533E+01	5,312387E+01	5,568179E+03
3,62	-1,199311E+06	9,971995E+01	5,299332E+01	5,568179E+03
3,63	-1,199311E+06	1,004114E+02	5,387701E+01	5,568179E+03
3,64	-1,199311E+06	1,037997E+02	5,422550E+01	5,568179E+03
3,65	-1,199311E+06	1,045585E+02	5,333457E+01	5,568179E+03
3,66	-1,199311E+06	1,008033E+02	5,292256E+01	5,568179E+03
3,67	-1,199311E+06	1,051398E+02	5,289729E+01	5,568179E+03
3,68	-1,199311E+06	1,068245E+02	5,294977E+01	5,568179E+03
3,69	-1,199311E+06	1,047321E+02	5,297724E+01	5,568179E+03
3,7	-1,199311E+06	1,044899E+02	5,220093E+01	5,568179E+03
3,71	-1,199311E+06	1,038602E+02	5,218035E+01	5,568179E+03
3,72	-1,199311E+06	1,060375E+02	5,247884E+01	5,568179E+03
3,73	-1,199311E+06	1,044926E+02	5,252793E+01	5,568179E+03
3,74	-1,199311E+06	1,057505E+02	5,341666E+01	5,568179E+03
3,75	-1,199311E+06	1,058759E+02	5,270819E+01	5,568179E+03
3,76	-1,199311E+06	1,064365E+02	5,171263E+01	5,568179E+03
3,77	-1,199311E+06	1,017991E+02	5,182050E+01	5,568179E+03
3,78	-1,199311E+06	1,082900E+02	5,197645E+01	5,568179E+03
3,79	-1,199311E+06	1,061543E+02	5,249913E+01	5,568179E+03
3,8	-1,199311E+06	1,110101E+02	5,325802E+01	5,568179E+03
3,81	-1,199311E+06	1,144194E+02	5,255966E+01	5,568179E+03
3,82	-1,199311E+06	1,125646E+02	5,192306E+01	5,568179E+03
3,83	-1,199311E+06	1,051103E+02	5,258751E+01	5,568179E+03
3,84	-1,199311E+06	1,061317E+02	5,299094E+01	5,568179E+03
3,85	-1,199311E+06	1,101620E+02	5,332307E+01	5,568179E+03
3,86	-1,199311E+06	1,084509E+02	5,270429E+01	5,568179E+03
3,87	-1,199311E+06	1,072926E+02	5,190498E+01	5,568179E+03
3,88	-1,199311E+06	1,089240E+02	5,221325E+01	5,568179E+03
3,89	-1,199311E+06	1,088912E+02	5,270039E+01	5,568179E+03
3,9	-1,199311E+06	1,182882E+02	5,435809E+01	5,568179E+03
3,91	-1,199311E+06	1,065260E+02	5,530167E+01	5,568179E+03
3,92	-1,199311E+06	1,125574E+02	5,412378E+01	5,568179E+03
3,93	-1,199311E+06	1,184365E+02	5,328699E+01	5,568179E+03
3,94	-1,199311E+06	1,190346E+02	5,199140E+01	5,568179E+03
3,95	-1,199311E+06	1,124408E+02	5,076525E+01	5,568179E+03
3,96	-1,199311E+06	1,058136E+02	5,179682E+01	5,568179E+03
3,97	-1,199311E+06	1,176221E+02	5,274036E+01	5,568179E+03
3,98	-1,199311E+06	1,172617E+02	5,342522E+01	5,568179E+03
3,99	-1,199311E+06	1,134950E+02	5,419135E+01	5,568179E+03
4,0	-1,199311E+06	1,241563E+02	5,338195E+01	5,568179E+03
4,01	-1,199311E+06	1,147228E+02	5,204559E+01	5,568179E+03
4,02	-1,199311E+06	1,089484E+02	5,187200E+01	5,568179E+03
4,03	-1,199311E+06	1,223370E+02	5,164225E+01	5,568179E+03
4,04	-1,199311E+06	1,219060E+02	5,276703E+01	5,568179E+03
4,05	-1,199311E+06	1,313918E+02	5,343475E+01	5,568179E+03
4,06	-1,199311E+06	1,112595E+02	5,249829E+01	5,568179E+03
4,07	-1,199311E+06	1,220198E+02	5,252496E+01	5,568179E+03
4,08	-1,199311E+06	1,250606E+02	5,201030E+01	5,568179E+03
4,09	-1,199311E+06	1,186677E+02	5,204197E+01	5,568179E+03
4,1	-1,199311E+06	1,304608E+02	5,326963E+01	5,568179E+03
4,11	-1,199311E+06	1,265032E+02	5,268883E+01	5,568179E+03
4,12	-1,199311E+06	1,228189E+02	5,214608E+01	5,568179E+03
4,13	-1,199311E+06	1,228496E+02	5,147680E+01	5,568179E+03
4,14	-1,199311E+06	1,254974E+02	5,071249E+01	5,568179E+03
4,15	-1,199311E+06	1,275044E+02	5,126511E+01	5,568179E+03
4,16	-1,199311E+06	1,268277E+02	5,231327E+01	5,568179E+03
4,17	-1,199311E+06	1,293289E+02	5,238506E+01	5,568179E+03
4,18	-1,199311E+06	1,286214E+02	5,238715E+01	5,568179E+03
4,19	-1,199311E+06	1,298260E+02	5,230909E+01	5,568179E+03
4,2	-1,199310E+06	1,264075E+02	5,213486E+01	5,568179E+03
4,21	-1,199311E+06	1,304965E+02	5,301985E+01	5,568179E+03
4,22	-1,199311E+06	1,339259E+02	5,283586E+01	5,568179E+03
4,23	-1,199311E+06	1,404784E+02	5,232591E+01	5,568179E+03
4,24	-1,199311E+06	1,395525E+02	5,184772E+01	5,568179E+03
4,25	-1,199310E+06	1,337756E+02	5,082305E+01	5,568179E+03
4,26	-1,199310E+06	1,363907E+02	5,143285E+01	5,568179E+03
4,27	-1,199310E+06	1,302877E+02	5,165717E+01	5,568179E+03
4,28	-1,199311E+06	1,390818E+02	5,191339E+01	5,568179E+03
4,29	-1,199311E+06	1,383078E+02	5,293867E+01	5,568179E+03
4,3	-1,199311E+06	1,452510E+02	5,295455E+01	5,568179E+03
4,31	-1,199310E+06	1,406533E+02	5,247319E+01	5,568179E+03
4,32	-1,199310E+06	1,433919E+02	5,180214E+01	5,568179E+03
4,33	-1,199310E+06	1,407882E+02	5,084603E+01	5,568179E+03
4,34	-1,199310E+06	1,487066E+02	5,162568E+01	5,568179E+03
4,35	-1,199311E+06	1,457383E+02	5,197540E+01	5,568179E+03
4,36	-1,199310E+06	1,437151E+02	5,203036E+01	5,568179E+03
4,37	-1,199310E+06	1,487318E+02	5,284461E+01	5,568179E+03
4,38	-1,199310E+06	1,403757E+02	5,298160E+01	5,568179E+03
4,39	-1,199310E+06	1,411525E+02	5,232037E+01	5,568179E+03
4,4	-1,199310E+06	1,610455E+02	5,198074E+01	5,568179E+03
4,41	-1,199310E+06	1,484672E+02	5,063447E+01	5,568179E+03
4,42	-1,199310E+06	1,472135E+02	5,001885E+01	5,568179E+03
4,43	-1,199310E+06	1,501013E+02	5,143583E+01	5,568179E+03
4,44	-1,199310E+06	1,456297E+02	5,266526E+01	5,568179E+03
4,45	-1,199310E+06	1,546486E+02	5,420859E+01	5,568179E+03
4,46	-1,199310E+06	1,651258E+02	5,457938E+01	5,568179E+03
4,47	-1,199310E+06	1,651164E+02	5,313866E+01	5,568179E+03
4,48	-1,199310E+06	1,498547E+02	5,174299E+01	5,568179E+03
4,49	-1,199310E+06	1,606817E+02	5,058238E+01	5,568179E+03
4,5	-1,199310E+06	1,618678E+02	5,159305E+01	5,568179E+03
4,51	-1,199310E+06	1,664278E+02	5,320437E+01	5,568179E+03
4,52	-1,199310E+06	1,566951E+02	5,326333E+01	5,568179E+03
4,53	-1,199310E+06	1,673282E+02	5,304593E+01	5,568179E+03
4,54	-1,199310E+06	1,682732E+02	5,261831E+01	5,568179E+03
4,55	-1,199310E+06	1,599784E+02	5,154438E+01	5,568179E+03
4,56	-1,199310E+06	1,609851E+02	5,119226E+01	5,568179E+03
4,57	-1,199310E+06	1,642191E+02	5,147997E+01	5,568179E+03
4,58	-1,199310E+06	1,595078E+02	5,160582E+01	5,568179E+03
4,59	-1,199310E+06	1,798087E+02	5,269433E+01	5,568179E+03
4,6	-1,199310E+06	1,834547E+02	5,272937E+01	5,568179E+03
4,61	-1,199310E+06	1,824441E+02	5,272751E+01	5,568179E+03
4,62	-1,199309E+06	1,623744E+02	5,274492E+01	5,568179E+03
4,63	-1,199310E+06	1,844534E+02	5,119223E+01	5,568179E+03
4,64	-1,199310E+06	1,957629E+02	5,131158E+01	5,568179E+03
4,65	-1,199309E+06	1,813035E+02	5,221984E+01	5,568179E+03
4,66	-1,199309E+06	1,817091E+02	5,324254E+01	5,568179E+03
4,67	-1,199309E+06	1,812609E+02	5,504562E+01	5,568179E+03
4,68	-1,199309E+06	1,905162E+02	5,427030E+01	5,568179E+03
4,69	-1,199309E+06	1,823281E+02	5,230511E+01	5,568179E+03
4,7	-1,199310E+06	1,850001E+02	5,115146E+01	5,568179E+03
4,71	-1,199310E+06	1,801411E+02	5,061078E+01	5,568179E+03
4,72	-1,199309E+06	1,879726E+02	5,171527E+01	5,568179E+03
4,73	-1,199309E+06	1,927955E+02	5,313970E+01	5,568179E+03
4,74	-1,199309E+06	1,915316E+02	5,292484E+01	5,568179E+03
4,75	-1,199309E+06	1,951249E+02	5,302377E+01	5,568179E+03
4,76	-1,199309E+06	2,028558E+02	5,370248E+01	5,568179E+03
4,77	-1,199309E+06	1,893585E+02	5,246234E+01	5,568179E+03
4,78	-1,199309E+06	2,138351E+02	5,244836E+01	5,568179E+03
4,79	-1,199309E+06	2,112965E+02	5,140106E+01	5,568179E+03
4,8	-1,199309E+06	2,078599E+02	5,021782E+01	5,568179E+03
4,81	-1,199309E+06	2,164492E+02	5,194069E+01	5,568179E+03
4,82	-1,199309E+06	2,090732E+02	5,350242E+01	5,568179E+03
4,83	-1,199309E+06	2,039686E+02	5,443312E+01	5,568179E+03
4,84	-1,199309E+06	2,095923E+02	5,431640E+01	5,568179E+03
4,85	-1,199309E+06	2,115002E+02	5,226298E+01	5,568179E+03
4,86	-1,199309E+06	2,152340E+02	5,141897E+01	5,568179E+03
4,87	-1,199309E+06	2,155205E+02	5,089768E+01	5,568179E+03
4,88	-1,199309E+06	2,125048E+02	5,126990E+01	5,568179E+03
4,89	-1,199309E+06	2,252156E+02	5,421480E+01	5,568179E+03
4,9	-1,199309E+06	2,264901E+02	5,611379E+01	5,568179E+03
4,91	-1,199309E+06	2,392493E+02	5,521762E+01	5,568179E+03
4,92	-1,199308E+06	2,284420E+02	5,430249E+01	5,568179E+03
4,93	-1,199308E+06	2,250595E+02	5,288384E+01	5,568179E+03
4,94	-1,199308E+06	2,367677E+02	5,191441E+01	5,568179E+03
4,95	-1,199308E+06	2,339122E+02	5,340355E+01	5,568179E+03
4,96	-1,199308E+06	2,355147E+02	5,457173E+01	5,568179E+03
4,97	-1,199308E+06	2,236783E+02	5,495770E+01	5,568179E+03
4,98	-1,199308E+06	2,378619E+02	5,514126E+01	5,568179E+03
4,99	-1,199308E+06	2,397789E+02	5,379671E+01	5,568179E+03
5,0	-1,199308E+06	2,344748E+02	5,276121E+01	5,568179E+03
5,01	-1,199308E+06	2,434189E+02	5,264570E+01	5,568179E+03
5,02	-1,199308E+06	2,556944E+02	5,315050E+01	5,568179E+03
5,03	-1,199308E+06	2,531286E+02	5,423521E+01	5,568179E+03
5,04	-1,199308E+06	2,678402E+02	5,529110E+01	5,568179E+03
5,05	-1,199308E+06	2,629852E+02	5,595950E+01	5,568179E+03
5,06	-1,199308E+06	2,666399E+02	5,459101E+01	5,568179E+03
5,07	-1,199307E+06	2,569927E+02	5,139755E+01	5,568179E+03
5,08	-1,199308E+06	2,590727E+02	4,861758E+01	5,568179E+03
5,09	-1,199308E+06	2,831779E+02	4,830732E+01	5,568179E+03
5,1	-1,199307E+06	2,530033E+02	4,883094E+01	5,568179E+03
5,11	-1,199307E+06	2,485107E+02	5,044227E+01	5,568179E+03
5,12	-1,199308E+06	2,694751E+02	5,169560E+01	5,568179E+03
5,13	-1,199307E+06	2,796859E+02	5,266708E+01	5,568179E+03
5,14	-1,199308E+06	2,869378E+02	5,288581E+01	5,568179E+03
5,15	-1,199308E+06	2,804433E+02	5,157889E+01	5,568179E+03
5,16	-1,199308E+06	2,960894E+02	5,176566E+01	5,568179E+03
5,17	-1,199307E+06	2,804324E+02	5,289062E+01	5,568179E+03
5,18	-1,199307E+06	3,075744E+02	5,261039E+01	5,568179E+03
5,19	-1,199308E+06	3,080483E+02	5,349691E+01	5,568179E+03
5,2	-1,199307E+06	2,900650E+02	5,439129E+01	5,568179E+03
5,21	-1,199307E+06	3,017598E+02	5,446179E+01	5,568179E+03
5,22	-1,199307E+06	2,977979E+02	5,445981E+01	5,568179E+03
5,23	-1,199307E+06	3,104330E+02	5,298113E+01	5,568179E+03
5,24	-1,199307E+06	2,894009E+02	5,097099E+01	5,568179E+03
5,25	-1,199307E+06	3,030737E+02	5,173271E+01	5,568179E+03
5,26	-1,199307E+06	3,138818E+02	5,263866E+01	5,568179E+03
5,27	-1,199306E+06	3,085177E+02	5,422450E+01	5,568179E+03
5,28	-1,199306E+06	3,153649E+02	5,575766E+01	5,568179E+03
5,29	-1,199307E+06	3,161170E+02	5,604555E+01	5,568179E+03
5,3	-1,199307E+06	3,239325E+02	5,590006E+01	5,568179E+03
5,31	-1,199307E+06	3,440611E+02	5,534599E+01	5,568179E+03
5,32	-1,199307E+06	3,435235E+02	5,383112E+01	5,568179E+03
5,33	-1,199306E+06	3,039645E+02	5,354269E+01	5,568179E+03
5,34	-1,199306E+06	3,384000E+02	5,269510E+01	5,568179E+03
5,35	-1,199307E+06	3,606074E+02	5,232758E+01	5,568179E+03
5,36	-1,199306E+06	3,445005E+02	5,408995E+01	5,568179E+03
5,37	-1,199307E+06	3,704040E+02	5,404226E+01	5,568179E+03
5,38	-1,199306E+06	3,568290E+02	5,367427E+01	5,568179E+03
5,39	-1,199306E+06	3,243939E+02	5,290002E+01	5,568179E+03
5,4	-1,199307E+06	3,666559E+02	5,009338E+01	5,568179E+03
5,41	-1,199306E+06	3,623832E+02	4,926855E+01	5,568179E+03
5,42	-1,199306E+06	3,560590E+02	5,088512E+01	5,568179E+03
5,43	-1,199306E+06	3,557717E+02	5,211491E+01	5,568179E+03
5,44	-1,199306E+06	3,726053E+02	5,355527E+01	5,568179E+03
5,45	-1,199306E+06	3,928030E+02	5,299386E+01	5,568179E+03
5,46	-1,199306E+06	3,793575E+02	5,148634E+01	5,568179E+03
5,47	-1,199306E+06	3,789823E+02	5,178924E+01	5,568179E+03
5,48	-1,199305E+06	3,920903E+02	5,324934E+01	5,568179E+03
5,49	-1,199305E+06	3,857979E+02	5,466185E+01	5,568179E+03
5,5	-1,199306E+06	4,090642E+02	5,409221E+01	5,568179E+03
5,51	-1,199306E+06	4,182192E+02	5,219829E+01	5,568179E+03
5,52	-1,199304E+06	3,742470E+02	5,160630E+01	5,568179E+03
5,53	-1,199305E+06	4,047086E+02	5,169763E+01	5,568179E+03
5,54	-1,199305E+06	4,074934E+02	5,032041E+01	5,568179E+03
5,55	-1,199305E+06	4,005610E+02	5,046202E+01	5,568179E+03
5,56	-1,199306E+06	4,132833E+02	5,097972E+01	5,568179E+03
5,57	-1,199305E+06	4,101337E+02	5,237425E+01	5,568179E+03
5,58	-1,199304E+06	4,069157E+02	5,311012E+01	5,568179E+03
5,59	-1,199305E+06	4,336343E+02	5,327081E+01	5,568179E+03
5,6	-1,199305E+06	4,442141E+02	5,082098E+01	5,568179E+03
5,61	-1,199305E+06	4,411467E+02	4,880927E+01	5,568179E+03
5,62	-1,199304E+06	4,297855E+02	4,626738E+01	5,568179E+03
5,63	-1,199305E+06	4,429999E+02	4,625858E+01	5,568179E+03
5,64	-1,199305E+06	4,257874E+02	4,642857E+01	5,568179E+03
5,65	-1,199305E+06	4,269150E+02	4,709844E+01	5,568179E+03
5,66	-1,199305E+06	4,547441E+02	4,830134E+01	5,568179E+03
5,67	-1,199304E+06	4,246763E+02	4,817789E+01	5,568179E+03
5,68	-1,199304E+06	4,500562E+02	4,896947E+01	5,568179E+03
5,69	-1,199304E+06	4,816650E+02	4,875403E+01	5,568179E+03
5,7	-1,199304E+06	4,666704E+02	4,689935E+01	5,568179E+03
5,71	-1,199305E+06	4,727628E+02	4,484525E+01	5,568179E+03
5,72	-1,199304E+06	4,804422E+02	4,439796E+01	5,568179E+03
5,73	-1,199304E+06	4,975121E+02	4,670247E+01	5,568179E+03
5,74	-1,199303E+06	4,914780E+02	4,914108E+01	5,568179E+03
5,75	-1,199304E+06	4,924333E+02	5,118665E+01	5,568179E+03
5,76	-1,199304E+06	4,885977E+02	5,037262E+01	5,568179E+03
5,77	-1,199304E+06	5,091221E+02	5,013054E+01	5,568179E+03
5,78	-1,199304E+06	5,125580E+02	4,961632E+01	5,568179E+03
5,79	-1,199302E+06	4,718298E+02	4,796148E+01	5,568179E+03
5,8	-1,199302E+06	4,850777E+02	4,750152E+01	5,568179E+03
5,81	-1,199303E+06	4,938153E+02	4,629930E+01	5,568179E+03
5,82	-1,199304E+06	4,970356E+02	4,530988E+01	5,568179E+03
5,83	-1,199304E+06	5,249557E+02	4,819605E+01	5,568179E+03
5,84	-1,199303E+06	5,296604E+02	5,044135E+01	5,568179E+03
5,85	-1,199303E+06	5,322314E+02	5,141583E+01	5,568179E+03
5,86	-1,199302E+06	5,425112E+02	5,144005E+01	5,568179E+03
5,87	-1,199302E+06	5,326943E+02	5,055409E+01	5,568179E+03
5,88	-1,199303E+06	5,471890E+02	4,844570E+01	5,568179E+03
5,89	-1,199303E+06	5,404585E+02	4,924780E+01	5,568179E+03
5,9	-1,199302E+06	5,359490E+02	4,934052E+01	5,568179E+03
5,91	-1,199303E+06	5,488199E+02	4,778602E+01	5,568179E+03
5,92	-1,199303E+06	5,637560E+02	4,681304E+01	5,568179E+03
5,93	-1,199301E+06	5,136153E+02	4,586484E+01	5,568179E+03
5,94	-1,199302E+06	5,255292E+02	4,546803E+01	5,568179E+03
5,95	-1,199302E+06	5,483709E+02	4,711723E+01	5,568179E+03
5,96	-1,199302E+06	5,787229E+02	5,030465E+01	5,568179E+03
5,97	-1,199302E+06	5,662961E+02	5,208631E+01	5,568179E+03
5,98	-1,199301E+06	5,662215E+02	5,006365E+01	5,568179E+03
5,99	-1,199302E+06	5,889115E+02	4,821090E+01	5,568179E+03
6,0	-1,199301E+06	5,483454E+02	4,633850E+01	5,568179E+03
6,01	-1,199302E+06	5,956380E+02	4,512779E+01	5,568179E+03
6,02	-1,199302E+06	6,252555E+02	4,731140E+01	5,568179E+03
6,03	-1,199301E+06	5,835848E+02	4,967665E+01	5,568179E+03
6,04	-1,199301E+06	5,916874E+02	5,168719E+01	5,568179E+03
6,05	-1,199302E+06	5,994513E+02	5,195764E+01	5,568179E+03
6,06	-1,199301E+06	5,592897E+02	4,947369E+01	5,568179E+03
6,07	-1,199301E+06	6,054822E+02	4,608036E+01	5,568179E+03
6,08	-1,199301E+06	6,294511E+02	4,560624E+01	5,568179E+03
6,09	-1,199301E+06	6,169229E+02	4,646101E+01	5,568179E+03
6,1	-1,199300E+06	5,988348E+02	4,809757E+01	5,568179E+03
6,11	-1,199301E+06	6,138913E+02	4,915005E+01	5,568179E+03
6,12	-1,199302E+06	6,170555E+02	4,885039E+01	5,568179E+03
6,13	-1,199301E+06	6,015198E+02	5,089429E+01	5,568179E+03
6,14	-1,199300E+06	6,255415E+02	5,337847E+01	5,568179E+03
6,15	-1,199302E+06	6,847903E+02	5,179306E+01	5,568179E+03
6,16	-1,199300E+06	6,203566E+02	4,987026E+01	5,568179E+03
6,17	-1,199300E+06	6,116709E+02	4,741930E+01	5,568179E+03
6,18	-1,199302E+06	6,342146E+02	4,582795E+01	5,568179E+03
6,19	-1,199301E+06	5,855565E+02	4,487125E+01	5,568179E+03
6,2	-1,199301E+06	6,197532E+02	4,845167E+01	5,568179E+03
6,21	-1,199301E+06	6,393796E+02	5,098478E+01	5,568179E+03
6,22	-1,199301E+06	6,480976E+02	4,894410E+01	5,568179E+03
6,23	-1,199301E+06	6,685924E+02	4,568980E+01	5,568179E+03
6,24	-1,199300E+06	6,354624E+02	4,374732E+01	5,568179E+03
6,25	-1,199302E+06	6,822177E+02	4,498517E+01	5,568179E+03
6,26	-1,199300E+06	6,247570E+02	4,976589E+01	5,568179E+03
6,27	-1,199300E+06	6,630113E+02	5,324682E+01	5,568179E+03
6,28	-1,199300E+06	6,514586E+02	5,390273E+01	5,568179E+03
6,29	-1,199301E+06	6,807542E+02	5,312850E+01	5,568179E+03
6,3	-1,199300E+06	6,664886E+02	5,239078E+01	5,568179E+03
6,31	-1,199300E+06	6,846526E+02	4,990334E+01	5,568179E+03
6,32	-1,199301E+06	6,941370E+02	4,889580E+01	5,568179E+03
6,33	-1,199300E+06	6,338933E+02	4,749937E+01	5,568179E+03
6,34	-1,199300E+06	6,551267E+02	5,037232E+01	5,568179E+03
6,35	-1,199301E+06	6,959804E+02	5,271867E+01	5,568179E+03
6,36	-1,199300E+06	6,433918E+02	5,154652E+01	5,568179E+03
6,37	-1,199300E+06	6,724240E+02	4,965350E+01	5,568179E+03
6,38	-1,199300E+06	6,599652E+02	4,813385E+01	5,568179E+03
6,39	-1,199301E+06	6,858967E+02	4,826393E+01	5,568179E+03
6,4	-1,199300E+06	6,850027E+02	4,921648E+01	5,568179E+03
6,41	-1,199300E+06	6,500428E+02	4,975312E+01	5,568179E+03
6,42	-1,199301E+06	6,931440E+02	5,044252E+01	5,568179E+03
6,43	-1,199300E+06	6,609086E+02	5,203691E+01	5,568179E+03
6,44	-1,199300E+06	6,677442E+02	5,226485E+01	5,568179E+03
6,45	-1,199300E+06	6,825864E+02	5,003505E+01	5,568179E+03
6,46	-1,199300E+06	6,902690E+02	4,806455E+01	5,568179E+03
6,47	-1,199301E+06	6,950353E+02	4,511974E+01	5,568179E+03
6,48	-1,199301E+06	6,397980E+02	4,230437E+01	5,568179E+03
6,49	-1,199301E+06	6,842190E+02	4,497313E+01	5,568179E+03
6,5	-1,199300E+06	6,634558E+02	4,893282E+01	5,568179E+03
6,51	-1,199300E+06	6,451568E+02	5,162462E+01	5,568179E+03
6,52	-1,199301E+06	7,195372E+02	5,174900E+01	5,568179E+03
6,53	-1,199300E+06	7,117338E+02	4,889625E+01	5,568179E+03
6,54	-1,199299E+06	6,664824E+02	4,603145E+01	5,568179E+03
6,55	-1,199300E+06	6,661508E+02	4,600676E+01	5,568179E+03
6,56	-1,199301E+06	6,997919E+02	5,064850E+01	5,568179E+03
6,57	-1,199300E+06	6,693158E+02	5,366309E+01	5,568179E+03
6,58	-1,199301E+06	7,056669E+02	5,477664E+01	5,568179E+03
6,59	-1,199301E+06	6,821971E+02	5,367226E+01	5,568179E+03
6,6	-1,199299E+06	6,791327E+02	5,194057E+01	5,568179E+03
6,61	-1,199299E+06	6,647900E+02	5,038740E+01	5,568179E+03
6,62	-1,199300E+06	6,698221E+02	4,920793E+01	5,568179E+03
6,63	-1,199301E+06	6,587029E+02	4,890960E+01	5,568179E+03
6,64	-1,199301E+06	7,000433E+02	5,169635E+01	5,568179E+03
6,65	-1,199301E+06	6,998567E+02	5,239145E+01	5,568179E+03
6,66	-1,199300E+06	6,552891E+02	5,164762E+01	5,568179E+03
6,67	-1,199300E+06	6,700847E+02	5,242256E+01	5,568179E+03
6,68	-1,199300E+06	6,365509E+02	5,183740E+01	5,568179E+03
6,69	-1,199301E+06	6,854844E+02	4,940589E+01	5,568179E+03
6,7	-1,199301E+06	6,716428E+02	4,714389E+01	5,568179E+03
6,71	-1,199300E+06	6,376963E+02	4,496596E+01	5,568179E+03
6,72	-1,199300E+06	6,527796E+02	4,502034E+01	5,568179E+03
6,73	-1,199301E+06	6,717366E+02	4,610017E+01	5,568179E+03
6,74	-1,199300E+06	6,384368E+02	4,851573E+01	5,568179E+03
6,75	-1,199300E+06	6,385162E+02	4,920293E+01	5,568179E+03
6,76	-1,199300E+06	6,205016E+02	4,899372E+01	5,568179E+03
6,77	-1,199300E+06	6,336369E+02	4,922764E+01	5,568179E+03
6,78	-1,199302E+06	7,228106E+02	4,933196E+01	5,568179E+03
6,79	-1,199301E+06	6,879154E+02	4,950882E+01	5,568179E+03
6,8	-1,199301E+06	6,493636E+02	4,923369E+01	5,568179E+03
6,81	-1,199300E+06	6,027835E+02	5,042502E+01	5,568179E+03
6,82	-1,199300E+06	6,061042E+02	5,201656E+01	5,568179E+03
6,83	-1,199302E+06	6,650947E+02	5,113680E+01	5,568179E+03
6,84	-1,199301E+06	6,567333E+02	4,920571E+01	5,568179E+03
6,85	-1,199301E+06	6,314693E+02	4,585491E+01	5,568179E+03
6,86	-1,199301E+06	5,731279E+02	4,493125E+01	5,568179E+03
6,87	-1,199302E+06	6,176313E+02	4,855149E+01	5,568179E+03
6,88	-1,199302E+06	6,547033E+02	5,027771E+01	5,568179E+03
6,89	-1,199300E+06	5,729721E+02	5,124477E+01	5,568179E+03
6,9	-1,199302E+06	6,599886E+02	5,388805E+01	5,568179E+03
6,91	-1,199301E+06	6,184531E+02	5,353350E+01	5,568179E+03
6,92	-1,199301E+06	6,119890E+02	5,240537E+01	5,568179E+03
6,93	-1,199303E+06	6,433276E+02	5,167555E+01	5,568179E+03
6,94	-1,199302E+06	6,131170E+02	5,114837E+01	5,568179E+03
6,95	-1,199302E+06	6,055111E+02	5,019229E+01	5,568179E+03
6,96	-1,199302E+06	5,955659E+02	4,972235E+01	5,568179E+03
6,97	-1,199303E+06	6,348555E+02	5,126363E+01	5,568179E+03
6,98	-1,199301E+06	5,873191E+02	5,382375E+01	5,568179E+03
6,99	-1,199302E+06	5,744940E+02	5,470024E+01	5,568179E+03
7,0	-1,199302E+06	5,983835E+02	5,309551E+01	5,568179E+03
7,01	-1,199302E+06	5,793493E+02	5,027471E+01	5,568179E+03
7,02	-1,199303E+06	5,712972E+02	4,725781E+01	5,568179E+03
7,03	-1,199302E+06	5,556970E+02	4,670176E+01	5,568179E+03
7,04	-1,199302E+06	5,617289E+02	5,041608E+01	5,568179E+03
7,05	-1,199302E+06	5,671325E+02	5,356872E+01	5,568179E+03
7,06	-1,199303E+06	5,928958E+02	5,644678E+01	5,568179E+03
7,07	-1,199303E+06	5,575307E+02	5,660684E+01	5,568179E+03
7,08	-1,199303E+06	5,613944E+02	5,552435E+01	5,568179E+03
7,09	-1,199303E+06	5,564332E+02	5,367282E+01	5,568179E+03
7,1	-1,199303E+06	5,669694E+02	5,283831E+01	5,568179E+03
7,11	-1,199303E+06	5,668187E+02	5,480041E+01	5,568179E+03
7,12	-1,199303E+06	5,307249E+02	5,538724E+01	5,568179E+03
7,13	-1,199303E+06	5,496095E+02	5,548835E+01	5,568179E+03
7,14	-1,199303E+06	5,582341E+02	5,449398E+01	5,568179E+03
7,15	-1,199303E+06	5,306579E+02	5,299991E+01	5,568179E+03
7,16	-1,199304E+06	5,503202E+02	5,042396E+01	5,568179E+03
7,17	-1,199303E+06	5,279980E+02	5,125020E+01	5,568179E+03
7,18	-1,199302E+06	5,019434E+02	5,467301E+01	5,568179E+03
7,19	-1,199304E+06	5,450032E+02	5,493973E+01	5,568179E+03
7,2	-1,199304E+06	5,251564E+02	5,425478E+01	5,568179E+03
7,21	-1,199303E+06	4,987551E+02	5,362437E+01	5,568179E+03
7,22	-1,199303E+06	5,188678E+02	5,279639E+01	5,568179E+03
7,23	-1,199303E+06	4,968247E+02	4,927277E+01	5,568179E+03
7,24	-1,199303E+06	4,837620E+02	4,626439E+01	5,568179E+03
7,25	-1,199303E+06	4,804066E+02	4,446000E+01	5,568179E+03
7,26	-1,199304E+06	5,076271E+02	4,608356E+01	5,568179E+03
7,27	-1,199304E+06	5,005719E+02	4,974024E+01	5,568179E+03
7,28	-1,199304E+06	4,674262E+02	5,151772E+01	5,568179E+03
7,29	-1,199304E+06	4,702851E+02	5,153175E+01	5,568179E+03
7,3	-1,199304E+06	4,985505E+02	5,087203E+01	5,568179E+03
7,31	-1,199303E+06	4,720284E+02	4,864925E+01	5,568179E+03
7,32	-1,199305E+06	4,843586E+02	4,675199E+01	5,568179E+03
7,33	-1,199305E+06	4,856226E+02	4,545887E+01	5,568179E+03
7,34	-1,199304E+06	4,654106E+02	4,738823E+01	5,568179E+03
7,35	-1,199305E+06	4,883825E+02	4,955143E+01	5,568179E+03
7,36	-1,199305E+06	4,681779E+02	4,988622E+01	5,568179E+03
7,37	-1,199304E+06	4,188917E+02	5,059691E+01	5,568179E+03
7,38	-1,199305E+06	4,633235E+02	5,062525E+01	5,568179E+03
7,39	-1,199305E+06	4,497829E+02	4,935649E+01	5,568179E+03
7,4	-1,199304E+06	4,237274E+02	4,834340E+01	5,568179E+03
7,41	-1,199304E+06	4,149326E+02	4,875907E+01	5,568179E+03
7,42	-1,199306E+06	4,462995E+02	4,773022E+01	5,568179E+03
7,43	-1,199305E+06	4,068877E+02	4,762071E+01	5,568179E+03
7,44	-1,199306E+06	4,480809E+02	4,867524E+01	5,568179E+03
7,45	-1,199305E+06	4,055069E+02	4,859928E+01	5,568179E+03
7,46	-1,199305E+06	4,237544E+02	4,826599E+01	5,568179E+03
7,47	-1,199306E+06	4,433458E+02	4,798844E+01	5,568179E+03
7,48	-1,199305E+06	3,913804E+02	4,799199E+01	5,568179E+03
7,49	-1,199306E+06	4,196253E+02	4,952010E+01	5,568179E+03
7,5	-1,199306E+06	3,904242E+02	5,022570E+01	5,568179E+03
7,51	-1,199306E+06	4,154546E+02	5,246168E+01	5,568179E+03
7,52	-1,199305E+06	3,957597E+02	5,020204E+01	5,568179E+03
7,53	-1,199306E+06	3,923600E+02	4,756504E+01	5,568179E+03
7,54	-1,199306E+06	3,956327E+02	4,618513E+01	5,568179E+03
7,55	-1,199305E+06	3,654153E+02	4,468490E+01	5,568179E+03
7,56	-1,199306E+06	3,820331E+02	4,358105E+01	5,568179E+03
7,57	-1,199306E+06	3,800398E+02	4,547863E+01	5,568179E+03
7,58	-1,199306E+06	3,769921E+02	4,809476E+01	5,568179E+03
7,59	-1,199306E+06	3,568689E+02	4,853800E+01	5,568179E+03
7,6	-1,199307E+06	3,709166E+02	4,830068E+01	5,568179E+03
7,61	-1,199306E+06	3,600338E+02	4,914347E+01	5,568179E+03
7,62	-1,199306E+06	3,466530E+02	4,794680E+01	5,568179E+03
7,63	-1,199307E+06	3,795657E+02	4,668659E+01	5,568179E+03
7,64	-1,199306E+06	3,622937E+02	4,727030E+01	5,568179E+03
7,65	-1,199306E+06	3,616675E+02	4,788136E+01	5,568179E+03
7,66	-1,199308E+06	3,779363E+02	4,803928E+01	5,568179E+03
7,67	-1,199307E+06	3,444312E+02	4,923940E+01	5,568179E+03
7,68	-1,199306E+06	3,186724E+02	4,982561E+01	5,568179E+03
7,69	-1,199307E+06	3,435918E+02	4,976725E+01	5,568179E+03
7,7	-1,199307E+06	3,410241E+02	4,973664E+01	5,568179E+03
7,71	-1,199307E+06	3,236735E+02	4,921642E+01	5,568179E+03
7,72	-1,199307E+06	3,288507E+02	4,818966E+01	5,568179E+03
7,73	-1,199307E+06	3,337638E+02	4,874654E+01	5,568179E+03
7,74	-1,199307E+06	3,174051E+02	4,973679E+01	5,568179E+03
7,75	-1,199307E+06	3,080182E+02	5,104633E+01	5,568179E+03
7,76	-1,199308E+06	3,299530E+02	5,134741E+01	5,568179E+03
7,77	-1,199307E+06	3,257113E+02	5,238203E+01	5,568179E+03
7,78	-1,199308E+06	3,291809E+02	5,114140E+01	5,568179E+03
7,79	-1,199308E+06	3,189555E+02	4,918711E+01	5,568179E+03
7,8	-1,199307E+06	2,905548E+02	4,758982E+01	5,568179E+03
7,81	-1,199308E+06	2,980533E+02	4,786188E+01	5,568179E+03
7,82	-1,199307E+06	2,906826E+02	5,023134E+01	5,568179E+03
7,83	-1,199308E+06	2,990790E+02	5,192938E+01	5,568179E+03
7,84	-1,199308E+06	3,029245E+02	5,251316E+01	5,568179E+03
7,85	-1,199308E+06	2,902959E+02	5,220939E+01	5,568179E+03
7,86	-1,199308E+06	2,822717E+02	5,092842E+01	5,568179E+03
7,87	-1,199308E+06	2,945357E+02	4,989438E+01	5,568179E+03
7,88	-1,199308E+06	2,823902E+02	4,869768E+01	5,568179E+03
7,89	-1,199309E+06	2,956073E+02	4,982777E+01	5,568179E+03
7,9	-1,199308E+06	2,714321E+02	5,174882E+01	5,568179E+03
7,91	-1,199308E+06	2,798196E+02	5,358219E+01	5,568179E+03
7,92	-1,199308E+06	2,732893E+02	5,447838E+01	5,568179E+03
7,93	-1,199308E+06	2,587809E+02	5,364821E+01	5,568179E+03
7,94	-1,199309E+06	2,665362E+02	5,322898E+01	5,568179E+03
7,95	-1,199309E+06	2,682462E+02	5,195277E+01	5,568179E+03
7,96	-1,199308E+06	2,561095E+02	5,133998E+01	5,568179E+03
7,97	-1,199308E+06	2,472939E+02	5,139237E+01	5,568179E+03
7,98	-1,199309E+06	2,632213E+02	5,268915E+01	5,568179E+03
7,99	-1,199309E+06	2,438878E+02	5,466133E+01	5,568179E+03
8,0	-1,199309E+06	2,648941E+02	5,636829E+01	5,568179E+03
8,01	-1,199309E+06	2,703249E+02	5,626880E+01	5,568179E+03
8,02	-1,199308E+06	2,489152E+02	5,588631E+01	5,568179E+03
8,03	-1,199309E+06	2,441205E+02	5,575158E+01	5,568179E+03
8,04	-1,199309E+06	2,406132E+02	5,528350E+01	5,568179E+03
8,05	-1,199309E+06	2,332088E+02	5,578332E+01	5,568179E+03
8,06	-1,199309E+06	2,386982E+02	5,592845E+01	5,568179E+03
8,07	-1,199309E+06	2,427766E+02	5,540981E+01	5,568179E+03
8,08	-1,199309E+06	2,371412E+02	5,436914E+01	5,568179E+03
8,09	-1,199309E+06	2,181376E+02	5,328257E+01	5,568179E+03
8,1	-1,199309E+06	2,256828E+02	5,289583E+01	5,568179E+03
8,11	-1,199310E+06	2,362002E+02	5,343075E+01	5,568179E+03
8,12	-1,199310E+06	2,230829E+02	5,504623E+01	5,568179E+03
8,13	-1,199310E+06	2,367571E+02	5,623408E+01	5,568179E+03
8,14	-1,199309E+06	2,138208E+02	5,562160E+01	5,568179E+03
8,15	-1,199309E+06	2,136820E+02	5,516002E+01	5,568179E+03
8,16	-1,199310E+06	2,147973E+02	5,439574E+01	5,568179E+03
8,17	-1,199310E+06	2,151464E+02	5,372362E+01	5,568179E+03
8,18	-1,199310E+06	2,190397E+02	5,439700E+01	5,568179E+03
8,19	-1,199310E+06	2,189315E+02	5,489378E+01	5,568179E+03
8,2	-1,199310E+06	2,073637E+02	5,589643E+01	5,568179E+03
8,21	-1,199310E+06	2,147793E+02	5,745108E+01	5,568179E+03
8,22	-1,199310E+06	1,955381E+02	5,648089E+01	5,568179E+03
8,23	-1,199310E+06	2,048008E+02	5,476351E+01	5,568179E+03
8,24	-1,199310E+06	1,961387E+02	5,300344E+01	5,568179E+03
8,25	-1,199310E+06	2,038050E+02	5,347256E+01	5,568179E+03
8,26	-1,199310E+06	2,145720E+02	5,502385E+01	5,568179E+03
8,27	-1,199310E+06	1,895239E+02	5,598895E+01	5,568179E+03
8,28	-1,199310E+06	1,923766E+02	5,665006E+01	5,568179E+03
8,29	-1,199310E+06	1,986711E+02	5,640098E+01	5,568179E+03
8,3	-1,199310E+06	1,976032E+02	5,618732E+01	5,568179E+03
8,31	-1,199310E+06	1,765928E+02	5,622860E+01	5,568179E+03
8,32	-1,199310E+06	1,875842E+02	5,622230E+01	5,568179E+03
8,33	-1,199311E+06	1,972981E+02	5,615296E+01	5,568179E+03
8,34	-1,199310E+06	1,863225E+02	5,623567E+01	5,568179E+03
8,35	-1,199310E+06	1,840146E+02	5,628832E+01	5,568179E+03
8,36	-1,199311E+06	1,854970E+02	5,621243E+01	5,568179E+03
8,37	-1,199310E+06	1,777481E+02	5,595638E+01	5,568179E+03
8,38	-1,199310E+06	1,725864E+02	5,615711E+01	5,568179E+03
8,39	-1,199311E+06	1,773632E+02	5,618121E+01	5,568179E+03
8,4	-1,199311E+06	1,918691E+02	5,645319E+01	5,568179E+03
8,41	-1,199310E+06	1,726276E+02	5,631038E+01	5,568179E+03
8,42	-1,199311E+06	1,782800E+02	5,589466E+01	5,568179E+03
8,43	-1,199311E+06	1,690638E+02	5,530029E+01	5,568179E+03
8,44	-1,199311E+06	1,654964E+02	5,487488E+01	5,568179E+03
8,45	-1,199311E+06	1,749770E+02	5,549203E+01	5,568179E+03
8,46	-1,199311E+06	1,611734E+02	5,560125E+01	5,568179E+03
8,47	-1,199311E+06	1,736799E+02	5,541318E+01	5,568179E+03
8,48	-1,199311E+06	1,593983E+02	5,563921E+01	5,568179E+03
8,49	-1,199311E+06	1,707967E+02	5,654976E+01	5,568179E+03
8,5	-1,199311E+06	1,613776E+02	5,632472E+01	5,568179E+03
8,51	-1,199311E+06	1,503085E+02	5,531188E+01	5,568179E+03
8,52	-1,199311E+06	1,601702E+02	5,441334E+01	5,568179E+03
8,53	-1,199311E+06	1,606167E+02	5,350621E+01	5,568179E+03
8,54	-1,199311E+06	1,637435E+02	5,397267E+01	5,568179E+03
8,55	-1,199311E+06	1,547031E+02	5,524099E+01	5,568179E+03
8,56	-1,199311E+06	1,605830E+02	5,731668E+01	5,568179E+03
8,57	-1,199311E+06	1,551349E+02	5,920201E+01	5,568179E+03
8,58	-1,199311E+06	1,559391E+02	5,791275E+01	5,568179E+03
8,59	-1,199312E+06	1,652706E+02	5,549607E+01	5,568179E+03
8,6	-1,199311E+06	1,566358E+02	5,395359E+01	5,568179E+03
8,61	-1,199311E+06	1,367983E+02	5,306830E+01	5,568179E+03
8,62	-1,199311E+06	1,545012E+02	5,408556E+01	5,568179E+03
8,63	-1,199311E+06	1,493365E+02	5,510108E+01	5,568179E+03
8,64	-1,199311E+06	1,509223E+02	5,599417E+01	5,568179E+03
8,65	-1,199312E+06	1,488224E+02	5,589907E+01	5,568179E+03
8,66	-1,199311E+06	1,439952E+02	5,495308E+01	5,568179E+03
8,67	-1,199311E+06	1,417894E+02	5,382125E+01	5,568179E+03
8,68	-1,199311E+06	1,377505E+02	5,257023E+01	5,568179E+03
8,69	-1,199311E+06	1,477032E+02	5,294495E+01	5,568179E+03
8,7	-1,199311E+06	1,387823E+02	5,367995E+01	5,568179E+03
8,71	-1,199311E+06	1,417785E+02	5,476591E+01	5,568179E+03
8,72	-1,199311E+06	1,401319E+02	5,477005E+01	5,568179E+03
8,73	-1,199311E+06	1,433907E+02	5,488255E+01	5,568179E+03
8,74	-1,199311E+06	1,407586E+02	5,463368E+01	5,568179E+03
8,75	-1,199311E+06	1,367713E+02	5,423798E+01	5,568179E+03
8,76	-1,199312E+06	1,436921E+02	5,442619E+01	5,568179E+03
8,77	-1,199311E+06	1,368169E+02	5,432677E+01	5,568179E+03
8,78	-1,199311E+06	1,400552E+02	5,459645E+01	5,568179E+03
8,79	-1,199311E+06	1,339390E+02	5,487622E+01	5,568179E+03
8,8	-1,199311E+06	1,330413E+02	5,394853E+01	5,568179E+03
8,81	-1,199311E+06	1,241109E+02	5,253218E+01	5,568179E+03
8,82	-1,199311E+06	1,347165E+02	5,161460E+01	5,568179E+03
8,83	-1,199311E+06	1,313530E+02	5,165016E+01	5,568179E+03
8,84	-1,199311E+06	1,283726E+02	5,304428E+01	5,568179E+03
8,85	-1,199311E+06	1,218241E+02	5,466016E+01	5,568179E+03
8,86	-1,199312E+06	1,318332E+02	5,552088E+01	5,568179E+03
8,87	-1,199311E+06	1,241978E+02	5,519635E+01	5,568179E+03
8,88	-1,199311E+06	1,320962E+02	5,400151E+01	5,568179E+03
8,89	-1,199311E+06	1,278529E+02	5,221200E+01	5,568179E+03
8,9	-1,199312E+06	1,265628E+02	5,191660E+01	5,568179E+03
8,91	-1,199312E+06	1,300540E+02	5,278152E+01	5,568179E+03
8,92	-1,199312E+06	1,306213E+02	5,401999E+01	5,568179E+03
8,93	-1,199311E+06	1,265731E+02	5,494458E+01	5,568179E+03
8,94	-1,199311E+06	1,199292E+02	5,394743E+01	5,568179E+03
8,95	-1,199312E+06	1,263674E+02	5,286707E+01	5,568179E+03
8,96	-1,199312E+06	1,188823E+02	5,194879E+01	5,568179E+03
8,97	-1,199312E+06	1,235060E+02	5,099611E+01	5,568179E+03
8,98	-1,199312E+06	1,201696E+02	5,072320E+01	5,568179E+03
8,99	-1,199311E+06	1,114277E+02	5,132880E+01	5,568179E+03
9,0	-1,199312E+06	1,188012E+02	5,232962E+01	5,568179E+03
9,01	-1,199312E+06	1,187997E+02	5,328807E+01	5,568179E+03
9,02	-1,199312E+06	1,199775E+02	5,315474E+01	5,568179E+03
9,03	-1,199311E+06	1,180911E+02	5,236073E+01	5,568179E+03
9,04	-1,199311E+06	1,177741E+02	5,167870E+01	5,568179E+03
9,05	-1,199311E+06	1,166332E+02	5,078923E+01	5,568179E+03
9,06	-1,199312E+06	1,197297E+02	5,049379E+01	5,568179E+03
9,07	-1,199312E+06	1,159141E+02	5,117535E+01	5,568179E+03
9,08	-1,199311E+06	1,129811E+02	5,177223E+01	5,568179E+03
9,09	-1,199311E+06	1,127037E+02	5,227355E+01	5,568179E+03
9,1	-1,199312E+06	1,079867E+02	5,264937E+01	5,568179E+03
9,11	-1,199312E+06	1,194589E+02	5,149467E+01	5,568179E+03
9,12	-1,199312E+06	1,153365E+02	5,044437E+01	5,568179E+03
9,13	-1,199311E+06	1,125020E+02	4,946382E+01	5,568179E+03
9,14	-1,199311E+06	1,033485E+02	4,936380E+01	5,568179E+03
9,15	-1,199311E+06	1,154121E+02	5,055614E+01	5,568179E+03
9,16	-1,199312E+06	1,118007E+02	5,157094E+01	5,568179E+03
9,17	-1,199312E+06	1,121559E+02	5,214574E+01	5,568179E+03
9,18	-1,199311E+06	1,069886E+02	5,180362E+01	5,568179E+03
9,19	-1,199312E+06	1,140678E+02	5,015341E+01	5,568179E+03
9,2	-1,199312E+06	1,057822E+02	4,874301E+01	5,568179E+03
9,21	-1,199311E+06	1,053905E+02	4,916148E+01	5,568179E+03
9,22	-1,199312E+06	1,138876E+02	4,980492E+01	5,568179E+03
9,23	-1,199312E+06	1,006006E+02	5,036775E+01	5,568179E+03
9,24	-1,199312E+06	1,090182E+02	5,128615E+01	5,568179E+03
9,25	-1,199312E+06	1,084941E+02	5,134740E+01	5,568179E+03
9,26	-1,199312E+06	1,139628E+02	5,076826E+01	5,568179E+03
9,27	-1,199312E+06	1,027632E+02	5,030554E+01	5,568179E+03
9,28	-1,199311E+06	9,939711E+01	4,971289E+01	5,568179E+03
9,29	-1,199312E+06	1,055753E+02	5,008639E+01	5,568179E+03
9,3	-1,199312E+06	1,064364E+02	5,107644E+01	5,568179E+03
9,31	-1,199312E+06	1,072398E+02	5,213000E+01	5,568179E+03
9,32	-1,199312E+06	1,031548E+02	5,265438E+01	5,568179E+03
9,33	-1,199312E+06	1,043077E+02	5,192236E+01	5,568179E+03
9,34	-1,199312E+06	1,012333E+02	5,130588E+01	5,568179E+03
9,35	-1,199312E+06	9,963433E+01	5,070042E+01	5,568179E+03
9,36	-1,199312E+06	1,119150E+02	5,086690E+01	5,568179E+03
9,37	-1,199312E+06	1,091631E+02	5,154900E+01	5,568179E+03
9,38	-1,199311E+06	9,513105E+01	5,210656E+01	5,568179E+03
9,39	-1,199312E+06	1,036877E+02	5,350902E+01	5,568179E+03
9,4	-1,199312E+06	1,095148E+02	5,449658E+01	5,568179E+03
9,41	-1,199312E+06	9,609178E+01	5,294281E+01	5,568179E+03
9,42	-1,199312E+06	1,065830E+02	5,109236E+01	5,568179E+03
9,43	-1,199312E+06	1,029688E+02	5,002510E+01	5,568179E+03
9,44	-1,199312E+06	1,024448E+02	5,038558E+01	5,568179E+03
9,45	-1,199312E+06	1,006094E+02	5,199335E+01	5,568179E+03
9,46	-1,199312E+06	1,064081E+02	5,283142E+01	5,568179E+03
9,47	-1,199312E+06	1,005470E+02	5,286166E+01	5,568179E+03
9,48	-1,199312E+06	9,783522E+01	5,221764E+01	5,568179E+03
9,49	-1,199312E+06	1,028513E+02	5,132466E+01	5,568179E+03
9,5	-1,199312E+06	1,041329E+02	5,058775E+01	5,568179E+03
9,51	-1,199312E+06	1,051493E+02	5,033921E+01	5,568179E+03
9,52	-1,199312E+06	9,239719E+01	5,066429E+01	5,568179E+03
9,53	-1,199312E+06	9,966482E+01	5,145445E+01	5,568179E+03
9,54	-1,199312E+06	1,030647E+02	5,223912E+01	5,568179E+03
9,55	-1,199312E+06	9,603807E+01	5,268757E+01	5,568179E+03
9,56	-1,199312E+06	9,673027E+01	5,303459E+01	5,568179E+03
9,57	-1,199312E+06	1,038332E+02	5,290379E+01	5,568179E+03
9,58	-1,199312E+06	9,880717E+01	5,243823E+01	5,568179E+03
9,59	-1,199312E+06	9,527130E+01	5,267925E+01	5,568179E+03
9,6	-1,199312E+06	1,007115E+02	5,284796E+01	5,568179E+03
9,61	-1,199312E+06	1,064554E+02	5,361478E+01	5,568179E+03
9,62	-1,199312E+06	9,609631E+01	5,425762E+01	5,568179E+03
9,63	-1,199312E+06	9,553949E+01	5,403647E+01	5,568179E+03
9,64	-1,199312E+06	1,015411E+02	5,353263E+01	5,568179E+03
9,65	-1,199312E+06	9,163820E+01	5,269063E+01	5,568179E+03
9,66	-1,199312E+06	9,754068E+01	5,241057E+01	5,568179E+03
9,67	-1,199312E+06	1,022534E+02	5,299512E+01	5,568179E+03
9,68	-1,199312E+06	9,608505E+01	5,362864E+01	5,568179E+03
9,69	-1,199312E+06	1,021486E+02	5,485048E+01	5,568179E+03
9,7	-1,199312E+06	9,956048E+01	5,560938E+01	5,568179E+03
9,71	-1,199312E+06	1,005987E+02	5,531652E+01	5,568179E+03
9,72	-1,199312E+06	1,008784E+02	5,431797E+01	5,568179E+03
9,73	-1,199312E+06	9,756241E+01	5,318731E+01	5,568179E+03
9,74	-1,199312E+06	9,635195E+01	5,259695E+01	5,568179E+03
9,75	-1,199312E+06	9,980506E+01	5,343350E+01	5,568179E+03
9,76	-1,199312E+06	9,799592E+01	5,449227E+01	5,568179E+03
9,77	-1,199312E+06	9,919618E+01	5,478707E+01	5,568179E+03
9,78	-1,199312E+06	9,586658E+01	5,492564E+01	5,568179E+03
9,79	-1,199312E+06	9,641248E+01	5,432928E+01	5,568179E+03
9,8	-1,199312E+06	9,611113E+01	5,358589E+01	5,568179E+03
9,81	-1,199312E+06	9,702536E+01	5,329442E+01	5,568179E+03
9,82	-1,199312E+06	9,915371E+01	5,333823E+01	5,568179E+03
9,83	-1,199312E+06	1,002700E+02	5,403919E+01	5,568179E+03
9,84	-1,199312E+06	9,604403E+01	5,511481E+01	5,568179E+03
9,85	-1,199312E+06	1,001742E+02	5,604898E+01	5,568179E+03
9,86	-1,199312E+06	1,047612E+02	5,675898E+01	5,568179E+03
9,87	-1,199312E+06	9,743844E+01	5,685854E+01	5,568179E+03
9,88	-1,199312E+06	1,037004E+02	5,645728E+01	5,568179E+03
9,89	-1,199312E+06	9,940068E+01	5,618440E+01	5,568179E+03
9,9	-1,199312E+06	9,318820E+01	5,504906E+01	5,568179E+03
9,91	-1,199312E+06	9,813253E+01	5,503238E+01	5,568179E+03
9,92	-1,199312E+06	9,387100E+01	5,567257E+01	5,568179E+03
9,93	-1,199312E+06	9,672328E+01	5,580157E+01	5,568179E+03
9,94	-1,199312E+06	9,550371E+01	5,610434E+01	5,568179E+03
9,95	-1,199312E+06	9,647868E+01	5,620288E+01	5,568179E+03
9,96	-1,199312E+06	1,003670E+02	5,592955E+01	5,568179E+03
9,97	-1,199312E+06	9,855670E+01	5,620776E+01	5,568179E+03
9,98	-1,199312E+06	1,026487E+02	5,656456E+01	5,568179E+03
9,99	-1,199312E+06	9,977929E+01	5,601585E+01	5,568179E+03
10,0	-1,199312E+06	1,061996E+02	5,562678E+01	5,568179E+03
