Diffusion in Zeolites. ZSM5 (Silicate) Crystal Structure, Si(96)O(192) +
         2         2       300    100000   1.0000000E-03   1.0000000E+02
       20.3183600000        0.0000000000        0.0000000000            
        0.0000000000       20.1714600000        0.0000000000            
        0.0000000000        0.0000000000       13.5858629500            
Si               1                                                      
     1.651780744        -1.286037941        -4.717276427                
    0.9331787259         2.459705701        -1.673984489                
    -5598.218350         2384.279891         2604.815354                
Si               2                                                      
    -8.485277336        -8.810486054        -2.236819660                
     3.328958102        0.6744857276         3.905064094                
    -1498.091125         2141.615501         7004.434974                
Si               3                                                      
    -8.460268448        -1.267909452        -2.230085706                
    -1.894919329         1.137899321         2.512793047                
     6972.339168         1350.817071         2073.503745                
Si               4                                                      
     1.658978060        -8.844367230        -4.548147206                
    0.3499295854         1.719805409        -2.089873549                
    -17170.54725        -649.3930479         7536.294640                
Si               5                                                      
     3.934225243       -0.6323295737        -2.717460676                
    0.7201608625E-01     1.174986503       -0.8943059925                
     11308.79513        -9344.031476         1094.338291                
Si               6                                                      
    -6.192261246        -9.522205887        -4.194544941                
     2.391745942         1.968091611        0.1144606617                
     4103.360613        -2239.161877        -645.4492727                
Si               7                                                      
    -6.103939148       -0.7351997503        -4.168105852                
   -0.1215854693       -0.9857191376        -3.253690314                
     7541.209628         8061.368570        -1674.209839                
Si               8                                                      
     4.015325849        -9.533555184        -2.612014827                
    -1.085492300         1.531129130        -3.003133754                
    -12861.27969        -87.41231334         6182.648476                
Si               9                                                      
     5.720198367         1.129883645        -6.550391484                
    0.4084111091         2.447933363         1.131525503                
     4139.577523         7158.867237        -7000.976525                
Si              10                                                      
    -4.459652856         8.765240909       -0.3488957496                
     3.214523910        -3.755800391        -1.415625802                
    -4282.141934         8573.853843         11021.15465                
Si              11                                                      
    -4.445117350         1.166001987       -0.3775719565                
    0.3795793728       -0.3088585577       -0.2070946508                
     3212.935713         7983.382785        -14824.19511                
Si              12                                                      
     5.758330209         8.831743638        -6.359856045                
    0.9890267562         2.019282081        -1.990010668                
     19116.18385         2497.622344         7528.901442                
Si              13                                                      
     2.523616556         1.138502369        -6.601071039                
     2.785226839         1.206644443         2.258301315                
     5006.264395         7982.528762        -5158.095415                
Si              14                                                      
    -7.622208499         8.884894313       -0.4669256820                
    -1.422332508         2.125285365        -1.155496418                
     933.4015671        -4159.070350         21557.64856                
Si              15                                                      
    -7.622343073         1.178579301       -0.3425586848                
    -1.462177968       -0.7130224428         3.135805495                
     651.9064391        -6042.404934         6287.598858                
Si              16                                                      
     2.598919592         8.855003873        -6.351623421                
    -1.760488559         3.040805758        -1.432941625                
    -15143.59505         2596.557444        -2643.187151                
Si              17                                                      
     8.851508360       -0.6078984170        -2.644626739                
    0.2275587466       -0.4328959919        -1.965907185                
    -8769.935336        -5877.439588        -10025.22112                
Si              18                                                      
    -1.364069676        -9.495837505        -4.298239438                
     1.507707770        0.5066271020        -4.663509749                
    -17192.69696        -1814.975719        -8594.232391                
Si              19                                                      
    -1.355616944       -0.6405848960        -4.220897267                
   -0.3190277595        -1.613023104        -3.010165999                
     7261.800616         18241.60047         9309.491484                
Si              20                                                      
     8.795492088        -9.483604833        -2.539797512                
     2.459595416       -0.4563171444        -1.668775938                
     29611.71916        -13382.78179         16656.16319                
Si              21                                                      
     6.459770283        -1.206689214        -4.587889427                
   -0.4808975887         3.832952554       -0.6065213182E-01            
     963.6382974        -5019.932067        -857.3685304                
Si              22                                                      
    -3.698943102        -9.055434970        -2.299478328                
    0.9965573132        0.1106869031         2.063197156                
    -4552.534797         24089.88662         7998.105437                
Si              23                                                      
    -3.650776055        -1.282306208        -2.238822185                
     3.822259343       -0.8667976978       -0.1539553358                
     2773.230746         11215.67334        -4371.009899                
Si              24                                                      
     6.483413956        -8.917243444        -4.488167578                
    -1.726998845       -0.2978219093         2.414460436                
     1326.092968         3976.153510        -6495.478703                
Si              25                                                      
     1.662899084         3.410339250        -4.593117866                
    -1.203482261         1.004049687        -3.326385365                
    -6323.973770        -12697.41771        -9577.826029                
Si              26                                                      
    -8.520058137         6.529464237        -2.329254728                
     2.908198178         1.695613322        0.3637008972                
    -17439.71661        -3367.524321         3163.448345                
Si              27                                                      
    -8.529376434         3.404754743        -2.317548674                
     3.838445896        0.8012511393        0.4403936024                
     8419.142151         5775.207536         5203.926899                
Si              28                                                      
     1.654666580         6.525217176        -4.518623387                
    -5.586928547        -2.258704841        0.2195256592                
    -6381.096335        -5578.625337        -4319.787694                
Si              29                                                      
     4.024550073         2.539494336        -2.670254671                
    -1.490308888        -1.984071710       -0.1315945434E-01            
     2019.624175         11265.34226        -6257.760812                
Si              30                                                      
    -6.204901573         7.441366174        -4.181754854                
   -0.7747520571E-01   -0.6682136989         1.134316487                
     10387.65101         14725.54774        -5453.705974                
Si              31                                                      
    -6.138209470         2.486625612        -4.140447218                
   -0.2391466977       -0.2672332440        0.8499380109                
    -3697.593165        -10637.20971         4656.302615                
Si              32                                                      
     3.976196630         7.449815055        -2.598320552                
   -0.4546869841         1.049251748         1.450708512                
    -1062.798330        -17739.32832         4378.012134                
Si              33                                                      
     5.814213324        -3.471969624        -6.551459530                
    -1.384720035        -3.885994018        -2.565181148                
    -5831.978676        -10989.52511        -10276.76400                
Si              34                                                      
    -4.391182247        -6.708097494       -0.3580652433                
     2.349798766        -1.041350281         3.629490283                
     4110.392589         10258.73500         377.1556289                
Si              35                                                      
    -4.326724980        -3.601735038       -0.3654179282                
     1.106573470         1.153483405         3.331197678                
    -631.0959467        -8750.598181         4397.664193                
Si              36                                                      
     5.830156120        -6.577655057        -6.436699601                
     1.704835630        -1.000911826       -0.7660456234                
    -2192.324555        -12598.67258         4949.887735                
Si              37                                                      
     2.659552006        -3.495275494        -6.655041165                
    -2.462307796        0.3504564739        0.8668983118                
    -11160.85783        -11981.20914        -4659.579217                
Si              38                                                      
    -7.574642456        -6.601372302       -0.2258952060                
     4.297377486       -0.9410274666         1.193126009                
     1512.467836        -3978.432365        -10240.57602                
Si              39                                                      
    -7.515552558        -3.498247933       -0.2755965495                
    0.7929975643       -0.3937569990         1.023475295                
    -4308.436164         116.5911281        -5104.986918                
Si              40                                                      
     2.653387704        -6.644952133        -6.519688138                
    0.9544886571        -1.201322924        -2.000999730                
    -5273.303256         8043.473306        -934.5129148                
Si              41                                                      
     8.816743080         2.551050947        -2.656153600                
   -0.7302433720         2.742730648         1.199830566                
    -3438.814302         1184.228824         4660.642768                
Si              42                                                      
    -1.347803699         7.491730033        -4.281580210                
    0.4320711954       -0.3274506540         2.426078978                
    -1269.445387        -6748.804008        -7429.846699                
Si              43                                                      
    -1.346195331         2.581304287        -4.246255925                
    -2.192388443        0.2210836116       -0.3146295493                
     3906.852247        -24199.17364         818.5615464                
Si              44                                                      
     8.790600255         7.515987442        -2.531767589                
     2.443283120        0.4083756143       -0.6711965192                
     1465.055815        -4926.719341         6516.196390                
Si              45                                                      
     6.484901328         3.423228260        -4.587454631                
     1.312588070        0.7679356629       -0.3818794701                
     8621.695354        -11426.82755         11249.84223                
Si              46                                                      
    -3.673258468         6.584537955        -2.386002252                
    -1.030634955        -1.785420912       -0.3792907879                
    -4918.990722        -10108.16462         263.7407531                
Si              47                                                      
    -3.691513228         3.446009438        -2.378833388                
   -0.4950187228        -1.783953692         2.931251564                
     1424.543722         16.91628120         16557.70239                
Si              48                                                      
     6.470822907         6.549281874        -4.381881572                
    -1.590825294       -0.7013819157        0.2431620277                
     906.2538415        -7061.234057         9850.208001                
Si              49                                                      
     8.573313938         1.147606362         2.063400741                
     1.478357515        0.9767147323E-01    -2.962478297                
     6719.235321         15717.80242         9935.941578                
Si              50                                                      
    -1.570737689         8.797539064         4.565094109                
    -2.994453073       -0.4605289962         1.868005656                
     10393.27356        -9830.093541        -2611.213783                
Si              51                                                      
    -1.530040093         1.133775452         4.523056639                
    -2.255359495         1.105275158        -1.385816209                
    -3800.967286         10585.91803         3090.155951                
Si              52                                                      
     8.620399100         8.724834518         2.353406981                
    -2.296164472       -0.3728935944        -1.004014633                
     13390.39157         91.81902429         2345.053202                
Si              53                                                      
     6.236175374        0.4520709268         4.018126465                
     2.338534422        -1.545628377         1.626341352                
     8651.507546         12113.55635         680.9439101                
Si              54                                                      
    -3.869526092         9.488360961         2.635942707                
     1.387786150       -0.4878238600        0.2961862541                
    -4716.977483         5914.077110         4617.134437                
Si              55                                                      
    -3.982063303        0.6393689378         2.624518103                
     1.519170027       -0.8324568312         2.099823538                
     9778.684432         3606.336731         550.0292915                
Si              56                                                      
     6.276823753         9.432033715         4.211550749                
    -3.599323738        0.9415123843        -2.035363749                
     10602.56768        -9805.058733         8430.564348                
Si              57                                                      
     4.553268968        -1.317206739        0.2336283028                
    0.9411597112        0.9567304459        -1.563471655                
     3492.449604        -1256.712464        -10151.20137                
Si              58                                                      
    -5.708846146        -8.870753189         6.391143268                
     1.015820619       -0.4363637482       -0.3043358514                
     6012.011835        -4860.513520        -3958.020254                
Si              59                                                      
    -5.559352739        -1.272929954         6.404333511                
     1.351454396        -1.470812253        -1.518501570                
     10713.81949        -1896.932518        -7040.529548                
Si              60                                                      
     4.612898533        -8.873230809        0.3998062355                
     2.630084363        0.1226995816        -1.739048462                
    -10833.59383         1660.372121        -4358.238623                
Si              61                                                      
     7.752985286        -1.288148406        0.2220171327                
    0.5546184238        -1.256992704         2.288427938                
    -6657.752729        -3524.632080        -1391.383383                
Si              62                                                      
    -2.494829516        -8.957789091         6.370373860                
    -1.195817686        -2.587643848        0.6611753433E-01            
    -16043.30303         9996.114138         15092.49530                
Si              63                                                      
    -2.376439951        -1.234194736         6.464264905                
     2.489155656       -0.6947050234        0.7974364814E-01            
     183.4232954        -8746.546531        -13255.76495                
Si              64                                                      
     7.758776679        -9.058942638        0.4333227342                
   -0.4325719798        -1.869748691        0.6130647206                
     12103.19536         573.7584955         1862.409175                
Si              65                                                      
     1.496019150        0.5194045694         4.037923875                
     1.328960484        0.7242014629        0.1362769304                
    -9663.842743         5297.878173         13176.36605                
Si              66                                                      
    -8.667024041         9.459828738         2.525397861                
     1.188361739        -1.902015306         2.419708319                
    -588.7383119         6897.317101        -11582.53499                
Si              67                                                      
    -8.768633710        0.5697280682         2.546652242                
    0.8830484897        -1.145292199        0.4623437976                
     2625.931502         1178.500702         2597.235321                
Si              68                                                      
     1.510996274         9.424043087         4.306222398                
     1.802960950         1.309132860         1.625373499                
    -18411.24333        -3273.019006         6709.299068                
Si              69                                                      
     3.829626243         1.113665751         2.099643715                
    0.1020261182         2.718470402         2.428121015                
     3197.106819        -6182.870114        -5557.948648                
Si              70                                                      
    -6.375590020         8.849638521         4.514413084                
    -1.325702881        -2.355356879       -0.7987659272                
     32.64251807         4287.896878        -8200.420975                
Si              71                                                      
    -6.437817568         1.157771452         4.539645705                
   -0.7095890754        0.6578220608       -0.6807830623                
    -37.17485229         10345.58680        -3718.264624                
Si              72                                                      
     3.847340743         8.876735307         2.305713241                
    -2.441018298         3.669538037       -0.3227552676                
    -5002.315284        -1800.917092         1069.020504                
Si              73                                                      
     8.621483239        -3.625628165         2.200424523                
     1.412440102       -0.8775400227E-01     2.328642751                
     3419.846037         11512.99990        -9871.839165                
Si              74                                                      
    -1.493439548        -6.626575723         4.507949475                
     2.008049429        -1.039740579        -2.538357382                
    -1807.848918        -4906.887519         2896.828850                
Si              75                                                      
    -1.573982754        -3.492414669         4.431610713                
    -1.767382911         1.698120342       -0.7382685933E-01            
     15326.65621         4632.720620         9434.363978                
Si              76                                                      
     8.651712209        -6.724878538         2.311468734                
    0.7797418910        0.6405092960        -3.593135044                
    -7383.009555         8139.555720         5150.659642                
Si              77                                                      
     6.242616408        -2.708187827         4.034280179                
     1.456062283        -2.803270997        -1.780847534                
    -4963.192041         13284.34240        -693.0255644                
Si              78                                                      
    -3.831987701        -7.509678110         2.642735809                
    -1.513036122        -2.073268913        0.5456312337                
     2463.187649        -3226.091734        -9524.710691                
Si              79                                                      
    -3.952027966        -2.569020045         2.572704688                
     1.466621539        0.8512751363         2.350229184                
     8884.437754         7711.954025         3590.465768                
Si              80                                                      
     6.308385328        -7.598229470         4.227882957                
     1.315517789         3.094519363        -2.147723026                
     3263.196711         6973.177111         7993.181932                
Si              81                                                      
     4.577284268         3.507228391        0.2674623788                
    0.7963883269       -0.6277452571        0.7272941211                
     3609.039777        -12555.58623         4601.190413                
Si              82                                                      
    -5.679031809         6.521711824         6.441460622                
    -2.617782947        0.7445285563E-02    -1.551784139                
     5092.580461         11884.29150         485.9271638                
Si              83                                                      
    -5.680586302         3.445857894         6.520349168                
     2.049657741        0.8780377229        -1.103479345                
    -2584.654351         13011.27643        -15278.69976                
Si              84                                                      
     4.500242215         6.558607647        0.3480775657                
    -2.678346669        0.6750169717       -0.2841079279                
     8903.352704         5912.454640         23107.19180                
Si              85                                                      
     7.766623608         3.495451774        0.1941741749                
    0.1719282099         1.678379462         1.162567547                
     3890.129739         8942.026306         1014.453529                
Si              86                                                      
    -2.456312588         6.506421197         6.514766574                
    -2.200812382        0.4092546641        -1.028379178                
    -20897.68002        -1246.778738        -14226.04524                
Si              87                                                      
    -2.484140235         3.375894192         6.503609066                
    -1.987983693        -2.711909781         1.072418020                
     5319.832691         16797.62240        -11204.29258                
Si              88                                                      
     7.685899214         6.605356619        0.3192661243                
     1.249535679        0.2007907652       -0.2114912262                
     5658.289660         3996.859960        -4729.833946                
Si              89                                                      
     1.440997977        -2.657357635         4.076805417                
     3.600646878        0.1796046764        0.3800930890                
     2028.224113         8226.477065         15208.49925                
Si              90                                                      
    -8.694876271        -7.538801255         2.562222771                
    0.4542783885        0.5483457804       -0.6945353126                
     9363.992113        -12645.03794         2244.548631                
Si              91                                                      
    -8.724608603        -2.622763846         2.547475260                
    -3.103071339        0.4667185511        0.4205257763                
    -6105.865662         6097.447867        -2872.162486                
Si              92                                                      
     1.491743116        -7.574659514         4.307440879                
   -0.3622797333       -0.2509984365        0.3755584260                
    -1210.542519        -3050.905336        -3507.903007                
Si              93                                                      
     3.751962737        -3.527234062         2.248894313                
   -0.4900834400       -0.9326040500        0.7117857583                
     13573.86698        -2724.651433        -7875.945869                
Si              94                                                      
    -6.310238651        -6.595872589         4.402767161                
     1.080416171        -3.564101946       -0.5886036527                
    -10185.74289        -2756.539859        -5498.751511                
Si              95                                                      
    -6.363138264        -3.501999880         4.414386381                
    0.4468549882         3.615995878         2.325666907                
    -5422.569704         1210.160858        -2751.314164                
Si              96                                                      
     3.852794531        -6.649921674         2.424674837                
    0.8891793349        0.8398809944        -3.349397115                
    -4953.404325        -3169.624194         3506.585996                
O               97                                                      
     2.716532299        -1.129505408        -3.570990679                
     3.330733945         1.541795898         1.520452981                
    -2016.298391         5911.483071         2612.341324                
O               98                                                      
    -7.458243036        -9.032919118        -3.425510763                
     1.251145355         2.501908030         4.233459634                
    -9321.058336         11644.99650         6264.010467                
O               99                                                      
    -7.388747597        -1.156737883        -3.381509833                
    -1.229103266         5.517316890         2.259279462                
    -2950.041467        -3517.752153        -2271.460136                
O              100                                                      
     2.676398113        -9.046254651        -3.352895485                
     3.085279644       -0.1036820628E-01    0.9489681910                
     9171.437171        -1226.229624        -660.6792442                
O              101                                                      
     4.028431980        -1.158751923        -1.232527688                
     1.537290305         1.801660295        -1.768656896                
     707.2378667         837.2148362        -9869.279974                
O              102                                                      
    -6.066657460        -9.018356870        -5.685681128                
    -1.524606874        0.2616757995E-01     1.637298242                
    -3992.350246        -2382.678348         6148.066378                
O              103                                                      
    -5.970636089        -1.200976811        -5.679748442                
    -2.455902182        -3.225553441        -1.492738774                
    -4227.064979         4325.696516         7408.262144                
O              104                                                      
     4.212925686        -9.036610759        -1.132481609                
    0.5819589825         3.451450740        -2.186214048                
    -2775.989516        -635.0567261         7267.974793                
O              105                                                      
     4.135280348         1.111441103        -6.556931521                
     1.726867519        -1.150133445        -1.170704812                
    -9163.992592         1491.595391         3075.642985                
O              106                                                      
    -6.040884522         8.795857611       -0.3946109702                
     1.981867970         3.090524487         3.017754742                
     677.7657157         1005.542533        -2261.770972                
O              107                                                      
    -6.032795879         1.151828782       -0.3259376344                
     1.292087625        0.1465153875         1.620817133                
    -3058.516118        -1668.216529         1481.152627                
O              108                                                      
     4.180049436         8.900565210        -6.268195697                
     2.002329946        -1.969530284         2.289719442                
    -2361.029480        -1233.048958        -2226.266625                
O              109                                                      
     8.285943880        -1.107612427        -1.250436588                
   -0.7242225406        -2.079360411         1.860614281                
     3835.383350        -4559.367563        -477.9510914                
O              110                                                      
    -1.985321823        -9.132740209        -5.740320735                
    -1.100115495       -0.8482800028        -2.190842120                
     10710.80458         385.9713622         13067.30373                
O              111                                                      
    -1.943112452        -1.030105388        -5.634953849                
     1.667618778         2.304806998        -5.536561549                
     6192.377812        -2762.450774         1574.061454                
O              112                                                      
     8.380614149        -9.179908477        -1.011713688                
     1.583354766        -4.628895509        0.4066833618                
    -12996.65940        -1873.376471        -12090.09931                
O              113                                                      
     7.810732516        -1.016017132        -3.812830429                
   -0.8854386334        -4.563562457        0.5256924346                
     8233.638365        -2470.760149         13775.87351                
O              114                                                      
    -2.397101903        -9.113297506        -3.164719179                
   -0.4183249883         1.793957454       -0.4781120296                
     3532.232190        -5022.199761        -948.8113069                
O              115                                                      
    -2.331220832        -1.090154975        -3.081010408                
   -0.7035303178         1.657928473         3.997204738                
    -2875.023135        -3955.976479        -15.55045153                
O              116                                                      
     7.792731524        -9.051074045        -3.621358429                
    -4.091087715        -4.180724531        -2.060669883                
    -12023.86880         9863.574344        -285.2774376                
O              117                                                      
     5.240240582        -1.074757828        -3.571998909                
     4.242416393         1.351243574       -0.4335729834                
    -3378.659113         7346.476990         3322.370434                
O              118                                                      
    -4.921277686        -9.136103912        -3.307068443                
     2.199224054         2.470071990         2.613989920                
    -1152.416071        -6167.587972        -2550.292568                
O              119                                                      
    -4.844699603        -1.128930063        -3.287803823                
    -3.249668209         2.922863230        -4.129693295                
     667.4916935        -6863.598704         1206.315206                
O              120                                                      
     5.244698888        -9.116291060        -3.488155750                
   -0.7952963230E-01     1.485675582        -1.017955653                
     7543.072192        -1050.749380        -7057.438723                
O              121                                                      
     2.743573302         3.028055040        -3.500064535                
     1.189688361        -6.672028141        -1.349933703                
     4723.923992        -3070.067992         897.3695012                
O              122                                                      
    -7.444816390         6.820325894        -3.444029404                
    -5.110210398         3.584619583         5.037387849                
    -1140.847586         5838.014912         1102.119888                
O              123                                                      
    -7.445402138         2.992068494        -3.412754744                
    -1.742266764         2.167481854         1.642339402                
    -2563.968253        -3073.247773         6921.168234                
O              124                                                      
     2.704774869         6.870737849        -3.406677924                
    -3.044921773         1.188667907       -0.1385892567                
     11274.12836         11450.30499         11175.18567                
O              125                                                      
     4.129494028         3.116706248        -1.199062027                
    -1.523327343        0.1353635507        -1.235444572                
     3423.707556        -1636.354687        -5412.235732                
O              126                                                      
    -6.080720874         7.021031363        -5.692276451                
     1.289312696         2.885333550         1.933002449                
    -1771.994665        -3353.475144         146.5655310                
O              127                                                      
    -6.030205722         3.007071651        -5.603182018                
    0.4326978984       -0.2343684109         5.447670951                
    -1072.224598        -2212.525020        -8202.344460                
O              128                                                      
     4.085707717         6.917705836        -1.083079307                
    -3.266572621       -0.5664795418         2.253614101                
    -8078.427014         12228.44972        -26074.34787                
O              129                                                      
     4.225914795        -3.367974514        -6.587554846                
   -0.4730505022         1.227503304       -0.9118876189                
     1168.634898         1490.603342        -492.4122353                
O              130                                                      
    -5.976372675        -6.756177849       -0.3274252727                
    0.4060623417        0.2090271353         1.396071527                
    -9276.476830        -2793.344120         3087.909787                
O              131                                                      
    -5.918893822        -3.398381543       -0.3990857837                
    -2.905643184         1.288399403        -5.351957159                
    -3308.381893         2001.003409         7359.400912                
O              132                                                      
     4.240984581        -6.742018291        -6.464129397                
    -7.535901075         1.324122460        0.4567885575                
    -2631.044960        -2168.068267         1823.899829                
O              133                                                      
     8.315698596         3.121256157        -1.248879077                
    0.3366195181        0.5127412570         1.182272869                
    -5683.061178        -5307.695780        -163.5262065                
O              134                                                      
    -1.973918986         6.982557816        -5.670410781                
     2.472537344        -2.254948069        0.3968193386                
     14175.49848         6435.971572         8407.200132                
O              135                                                      
    -1.904953683         2.955410817        -5.683149804                
    -1.519979367        -3.971250866       -0.7167822884                
    -3481.094522        -1437.198772         3875.668756                
O              136                                                      
     8.214907925         7.153494138        -1.087100073                
   -0.5298032545        -3.682689122         3.204998931                
     368.1174304        -3140.589773         4672.906518                
O              137                                                      
     7.821406736         2.977798778        -3.793842556                
    0.9834708016E-01     1.596683869         1.265519382                
    -7788.238943         3995.210574        -5748.907263                
O              138                                                      
    -2.350867356         6.938286742        -3.201459179                
    -3.402165143        -2.574095412        -3.194187963                
    -3985.684412         4954.155354         9616.752004                
O              139                                                      
    -2.358790881         3.095385148        -3.165147551                
    0.6167574713E-01    0.4625364487        0.1291972450                
    -5108.756937         881.9799695        -1199.803424                
O              140                                                      
     7.739245398         6.934632403        -3.543969451                
     1.923385169       -0.1550849234E-01     1.544520178                
     3445.136731         2255.992311        -5521.335288                
O              141                                                      
     5.302711514         3.009241363        -3.564095624                
   -0.8683629692        -2.608041810        -2.732572665                
    -8250.628373        -3846.615364        -2193.883822                
O              142                                                      
    -4.897480114         7.030589745        -3.345060395                
    0.4588342731       -0.9029429228        0.9762611397                
    -73.82320624        -5297.363690         2650.579527                
O              143                                                      
    -4.922552892         3.050850353        -3.299091980                
    -1.170815267        -4.253102114         1.645202783                
     1834.104373        -2248.907087        -3338.264866                
O              144                                                      
     5.237966042         6.926371452        -3.424935230                
     1.547416351         4.737873328         2.723687016                
    -5193.086403         4600.779823        -3738.279721                
O              145                                                      
     3.963689224        0.9615489805        -2.617901948                
    -1.172724313        -3.763274827       -0.8137955332                
     1073.122564        -4150.060741        -5218.586331                
O              146                                                      
    -6.271398398         9.064163546        -4.182099157                
    -2.192789428        0.5472693403        -2.986317786                
     2669.818934        -12390.32627         695.7496894                
O              147                                                      
    -6.090346591        0.8674141666        -4.196813700                
    0.6639512969         4.540083034       -0.8053180052E-01            
    -2825.509246         9132.830454         513.4438769                
O              148                                                      
     3.987650133         9.029610248        -2.547413172                
     3.864285382        0.7730936252         3.925778573                
    -2463.341471         4302.550505        -5610.774970                
O              149                                                      
     8.789662215        0.9542074184        -2.599605579                
    -1.573055915         1.462218999         2.484438204                
     5986.021234         10736.61348        -3928.870786                
O              150                                                      
    -1.359531624         9.070289899        -4.270194518                
    -2.612455501        -3.116069874        -1.378434985                
     6675.104887         3731.619251         5094.311988                
O              151                                                      
    -1.298567929        0.9649655083        -4.152230349                
    0.7400836103         2.337614735         3.815944025                
    -6439.918701         1626.397298        -2531.841853                
O              152                                                      
     8.813571932         9.075261970        -2.675222140                
   -0.2875075724        -3.851054640        0.3156577778                
    -130.7272016         17721.24799         3399.347881                
O              153                                                      
     2.001967146        -2.564207881        -5.563460142                
    -1.878900168        -6.055397970         2.836357859                
    -1020.442805        -669.7433084        -1401.413293                
O              154                                                      
    -8.223605437        -7.529254630        -1.326207285                
    -5.877409065         3.255781332         3.692975529                
     6683.339010        -4711.537776        -8778.866440                
O              155                                                      
    -8.152370752        -2.542797691        -1.352289163                
   -0.5556494171        -2.377424088        0.6176166260                
    -671.4766121        -192.6641764        -4060.680893                
O              156                                                      
     1.992109042        -7.585632464        -5.430299951                
    -4.649128862       -0.8434995848         1.139167709                
     8826.094771         81.04417518         3444.229524                
O              157                                                      
     1.983914932       -0.5956254061E-01    -5.702956969                
    -3.458716024        -6.384050186         2.017860690                
     245.3081308        -1109.132955         663.5741380                
O              158                                                      
    -8.059326661        -10.04244585        -1.295297101                
    0.8434235986        -5.930282381        -5.676304529                
    -5585.896490         6298.920273        -9701.978106                
O              159                                                      
    -8.078453028       -0.5884871910E-01    -1.259378662                
     1.697670326         1.308766990         3.655039184                
    -2741.577401         5207.557062         4080.072158                
O              160                                                      
     1.996354116         10.06379598        -5.460359247                
   -0.7844178464         1.321569613         4.689224860                
     8165.763463        -4873.929293        -6302.041374                
O              161                                                      
     2.054988335         2.472377359        -5.857066448                
    -2.922086577        -5.102473319         2.206124912                
    -836.6759905        -1008.146836         11811.73297                
O              162                                                      
    -8.103723385         7.568832245        -1.214711796                
    -5.748588688         5.114629909         3.008853327                
     438.1795632         2796.833911         1301.721375                
O              163                                                      
    -8.103863039         2.458866303        -1.089309900                
   -0.5274465221       -0.3546466893        -3.223216874                
    -5267.837207         7804.856909        -14115.49423                
O              164                                                      
     2.106280089         7.524457454        -5.657040817                
   -0.5775303169E-01   -0.4915002630       -0.4626482972                
     3061.945360         2451.610739        -305.8461911                
O              165                                                      
     6.318343477        -2.535345765        -5.460691853                
     2.038549004         4.219450676         1.869695634                
     8468.167611         15016.05383         15208.32966                
O              166                                                      
    -3.861328376        -7.720391066        -1.417726381                
   -0.1948786059        -4.052376447        0.7331352138                
     1982.144545        -6080.912955        -5129.341510                
O              167                                                      
    -3.725711689        -2.610362322        -1.406052438                
   -0.8224315249        -4.567593602        0.1383261660                
    -2962.881015         5566.534388        -1813.466586                
O              168                                                      
     6.308108999        -7.576393660        -5.294796827                
    -1.482117205        0.2269272061E-01    0.3963239444                
     1760.899435         4338.731715        -2462.569727                
O              169                                                      
     6.233847319       -0.5673746956E-01    -5.654376208                
     3.517711284         1.040497509       -0.8677552612                
    -2768.376075         1299.960935         6417.765708                
O              170                                                      
    -3.916570354         9.990208251        -1.220172560                
     2.680003670         1.819932146        0.2125801171                
     603.5766838        -11339.00640        -4560.538343                
O              171                                                      
    -3.931449685       -0.6184825657E-01    -1.243318097                
     1.098287422         4.375032730       -0.5283158980                
    -432.8887046        -7773.413449         773.0669114                
O              172                                                      
     6.362998738         10.06228455        -5.521896799                
   -0.2986241907E-01   -0.5210174240        -1.123614010                
    -12068.14617        -7107.666042         4021.587283                
O              173                                                      
     6.236388615         2.478792360        -5.859735718                
     1.171244633        -2.320551366         3.937533539                
    -4365.092522         2929.498350         10831.07208                
O              174                                                      
    -3.976082676         7.492274141        -1.116952301                
     1.467326937         2.885886164         2.175894833                
     9256.686306        -2125.294051        -7012.087836                
O              175                                                      
    -3.964877840         2.448258992        -1.162274361                
     1.210342499         8.082752998         4.923957546                
     3287.856116         5114.500196        -6300.756914                
O              176                                                      
     6.250455819         7.493217587        -5.613572700                
    -1.438174257       -0.3705916084        0.9201388521                
    -7526.445714         12170.17239        -6761.530071                
O              177                                                      
    -9.940000329        -1.049366286        -2.690181846                
    -2.771194587        -2.402035164         4.489240221                
    -10263.65044        -2148.993607         1006.048036                
O              178                                                      
    0.8907245845E-01    -8.950756964        -4.187752112                
     3.406010779        -2.229824557         2.570255788                
     17948.72570        -2287.988475        -5015.548688                
O              179                                                      
    0.1497648450        -1.116383862        -4.229855055                
     4.778006390        -2.219905228         3.857136368                
     4513.668550        -5737.550888        -7061.677767                
O              180                                                      
    -10.01105324        -8.961243925        -2.576237240                
    -2.076154672        -1.462683369        0.1920220076                
    -7151.897898        -4211.202633        -6644.151992                
O              181                                                      
    -10.00420935         3.051965591        -2.699397837                
    -4.560856903         1.766452975        0.1657697325                
    -2854.827194        -7003.485108        -3342.734626                
O              182                                                      
    0.1569043398         6.955015873        -4.218982712                
     2.785635059        -1.790052205         3.998815025                
    -5641.398074         1547.222416         655.2260406                
O              183                                                      
    0.1394379706         3.040516474        -4.223616766                
    -1.643122974        -1.163080333         2.069531208                
     18200.60991         9350.448644        -682.2114005                
O              184                                                      
    -10.05505098         6.955845429        -2.605489622                
    -3.428857234        -2.503046513        -3.178559565                
     11596.68497        -4108.823342        -1376.082173                
O              185                                                      
     1.708348402         4.962020189        -4.778730002                
    -4.632894780         3.303238672         1.079053746                
    -919.0783447         7690.387180         2232.457564                
O              186                                                      
    -8.478654567         4.970402682        -2.083983721                
     1.242378176        -5.399563626        0.4922963656                
     711.4362575        -698.3411382        -2515.348775                
O              187                                                      
     6.525649510         4.993978347        -4.633000184                
     2.435814210        0.6674655112        -2.496014150                
    -7294.199332        -2161.395221        -11168.11226                
O              188                                                      
    -3.684483759         5.003317570        -2.136153241                
     4.136645480         1.406606835         1.262751329                
    -3332.616716         9133.379500        -6507.557407                
O              189                                                      
     6.033065381        -5.028111151        -6.337244197                
     1.773593569         2.100500698         4.720382456                
     7902.922102         960.7459632        -2406.088294                
O              190                                                      
    -4.111687637        -5.137785518       -0.5529682736                
     5.271604030        -1.586981646         3.370627083                
     943.3813606        -9392.247574        -31.67078845                
O              191                                                      
     2.410701528        -5.088150473        -6.479308013                
    -3.844985916         2.215218749        -1.112821336                
     3334.459041         15432.08312         2431.195627                
O              192                                                      
    -7.767324092        -5.052589214       -0.4078923828                
     4.004425998        0.7974630502        0.5737266186                
     522.8822626         4594.258097         4148.404362                
O              193                                                      
     7.518839479        0.9654669243         3.217303523                
    -4.759531374         2.111310225       -0.9597989497                
    -4935.176617        -3130.583981         2352.436465                
O              194                                                      
    -2.562395817         8.982783001         3.342744305                
    0.7699257287         1.598597766        0.2906973439                
     2759.132423        -4345.027140         8962.622967                
O              195                                                      
    -2.669427848         1.036882823         3.429756765                
     2.261548125        0.5225237123         1.569235708                
     372.9536868        -5020.439935        -4970.212452                
O              196                                                      
     7.591985447         8.876266769         3.526948989                
     4.362538128        -1.202266689        -1.841459744                
    -3757.317308         3872.965795        -663.6677681                
O              197                                                      
     6.116174966        0.8884373852         5.536828097                
    -3.853225726         3.198153735       -0.1877170305                
     682.9556357         2175.678239        -7877.864892                
O              198                                                      
    -4.076482313         9.023580691         1.170718701                
     3.498988644         2.131750703        0.7869497686                
     2385.553458        -7827.201126        -14043.13615                
O              199                                                      
    -4.003411031         1.082234699         1.097647640                
   -0.7609557886        0.4054377415         1.417106906                
    -1194.262288        -4238.841809         20142.53410                
O              200                                                      
     6.125465257         9.063952570         5.730198126                
    -4.785800325       -0.1536303732         2.806146838                
    -4325.167285        -9548.469945        -2134.133683                
O              201                                                      
     6.136288643        -1.271874195        0.1454128840                
    0.2108845212        -3.424544502        0.7203672540                
     15356.92523        -3479.824092         7106.558138                
O              202                                                      
    -4.105036577        -8.933454312         6.381449000                
     3.438043919        -1.906532726         1.040342412                
     986.0867519         8.116846484        -6098.425630                
O              203                                                      
    -3.952199552        -1.246096537         6.418640321                
    -1.243463461        -3.175230076        -1.202799683                
    -11424.11793         643.7946340        -221.2509426                
O              204                                                      
     6.176539236        -9.002506042        0.3949118345                
    -3.414177344       -0.4119172054E-01   -0.5876151141                
     7321.252318         3373.402674        -1214.126481                
O              205                                                      
     2.047904142        0.9641033079         5.481863321                
    -5.239556334         3.321356398        -5.093323005                
    -923.1907289        -6205.097201         490.2128783                
O              206                                                      
    -8.169409313         9.104378249         1.026997682                
    0.8441219294         6.545304204         1.582026784                
    -2624.721655        -8272.518479         5110.327967                
O              207                                                      
    -8.225826484         1.040594438         1.120680141                
    0.3739271165        -1.848117232        -2.788672401                
     6812.591126        -7241.059394         656.1559585                
O              208                                                      
     2.078188849         8.982332300         5.734627506                
    0.4073121664        0.4459873149         1.074325610                
     6808.670210         3059.197969         592.4109215                
O              209                                                      
     2.517853903        0.9895915978         2.957828027                
    -2.550188801         1.485325105        -4.477263219                
    -756.6270667        -1654.393562        -5545.236548                
O              210                                                      
    -7.685537721         8.980315363         3.641775634                
     1.785925168       -0.6301696023        -1.412331104                
     6924.293127        -6858.720836        -756.2623744                
O              211                                                      
    -7.781583371        0.9481801039         3.718678111                
    -1.922580494        0.4022205166         2.653070523                
     10232.59311         4368.320960         243.0129759                
O              212                                                      
     2.513582353         9.036734280         3.148551172                
   -0.2426297816         6.086268179        -2.814989902                
     3602.514076         2676.615904         5634.986563                
O              213                                                      
     5.014581439        0.8872521584         3.125481252                
     2.374740806        0.4445848620        -2.549832916                
    -4483.462542         5767.739290         2063.193960                
O              214                                                      
    -5.143950428         9.099539740         3.503777019                
    0.9022346860        -2.835961561        -2.739330230                
    -2243.674578        -4183.993423         6436.759833                
O              215                                                      
    -5.233041395         1.116037803         3.473804112                
   -0.5005734225         2.839171297       -0.9296535208                
    -5492.412313        -7109.634429         176.1140624                
O              216                                                      
     5.065183677         8.931538828         3.350764044                
     4.019292773        -1.052320227         6.581051370                
    -11354.71217         4938.731582        -7521.678521                
O              217                                                      
     7.459235398        -3.304715524         3.232644984                
    -4.850830821         1.099113035        -1.992308142                
     4312.363748         2972.582770         1014.011382                
O              218                                                      
    -2.546606966        -6.997933472         3.368546000                
     1.526329933         1.793319072        -3.093914914                
     7954.421611         1700.715250         9193.825475                
O              219                                                      
    -2.672908744        -3.027613631         3.409493567                
    -2.474441579        -5.160941893        -1.012679788                
    -3796.697017        -605.9149710        -4759.892666                
O              220                                                      
     7.556708788        -7.033361067         3.427072194                
    0.2325326456       -0.7573546425        -1.296394871                
    -2228.227544        -3039.028318        -3251.936323                
O              221                                                      
     6.255920550        -3.046201614         5.566004435                
    -2.924317531       -0.4505084262        0.4073132461                
    -2858.362799        -10253.99767         3280.622245                
O              222                                                      
    -3.944332285        -7.077905544         1.118195217                
   -0.6969489468         1.689539682        -1.503853907                
    -3856.495754        -971.5198874         3781.129067                
O              223                                                      
    -3.926532677        -3.170678663         1.115714161                
    -1.813373077        0.4509099247        0.4116533564                
    -6540.032201         5153.314586        -1638.371327                
O              224                                                      
     6.310772131        -7.145360193         5.747776671                
    -3.380408659         2.415940132        -2.750397848                
    -4518.452171         8702.569852        -3006.230991                
O              225                                                      
     6.181620936         3.363226679        0.2942757175                
    0.1477333322         1.371925184        0.1376801188                
    -6629.371812         868.7838488        -4890.799354                
O              226                                                      
    -4.084926772         6.615059240         6.446522963                
     2.026092171        -5.527124232         1.282483450                
     9289.864207        -1404.141653        -3020.965796                
O              227                                                      
    -4.070124020         3.345309546         6.483065799                
     1.680558067        -3.005109112        -2.057447566                
    -10760.78218        -6005.316109        -1861.330711                
O              228                                                      
     6.105145446         6.740541999        0.3882177332                
    -1.311230441        0.7992431249        -1.316326875                
    -6556.777250        -283.2053496         969.3835317                
O              229                                                      
     2.108116278        -3.016523690         5.512572226                
    0.9316355363        0.8689344417E-01    -3.497948803                
    -2500.608708        -4665.291050        -6643.848219                
O              230                                                      
    -8.173083009        -7.054175651         1.153214296                
    -2.310350050        0.2663634961         1.670667065                
    -481.8872884         3505.762883        -1286.281304                
O              231                                                      
    -8.152940369        -3.042604969         1.110894089                
     1.466941247        -3.152442739        -4.922725963                
     10019.60158        -1721.042819         6928.619501                
O              232                                                      
     2.064704977        -7.103889841         5.682169514                
    0.2385640806         1.239370658        -1.710750117                
     8108.755213        -210.0546986         3352.577689                
O              233                                                      
     2.416578463        -3.178313068         2.952336057                
    -1.801009643         3.480833103        0.4776979351                
    -9218.355344         1631.788866         5409.338903                
O              234                                                      
    -7.589299367        -6.986423257         3.533993259                
     3.351751148        0.5114724664        -1.100303430                
    -1117.275328         2814.833180         10751.18920                
O              235                                                      
    -7.717951471        -3.124289957         3.667980243                
    -3.691581004        -4.260752170        -6.204851730                
     1444.717921         1447.676685        -4947.861483                
O              236                                                      
     2.534407692        -7.118050793         3.191515805                
    -1.927284810        0.2227429321E-01    0.2500575769                
    -2537.029843         4956.074426        -394.4168200                
O              237                                                      
     4.909825936        -3.147755601         3.281362488                
    -3.929051641       -0.2999315979         2.271238549                
     5800.886777        -3303.958916         773.5748261                
O              238                                                      
    -5.070127006        -6.974782148         3.494811007                
     5.832533812        0.4141175684        0.3366957501                
     5606.508344         829.4270392        -3907.469989                
O              239                                                      
    -5.208710093        -3.075145795         3.392421113                
    -2.552598019         2.848419736        -4.681419315                
    -1197.459857        -5290.112513        -2064.594863                
O              240                                                      
     5.006392086        -7.077831655         3.467500347                
    -3.650635413        -3.738845833        0.7392097241                
     3259.187585         6814.243097        -7813.049422                
O              241                                                      
     6.254759481        -1.102113088         3.968623971                
    0.7007160801        -1.526721999       -0.7019173929                
     4269.765544        -18603.05832         148.7481140                
O              242                                                      
    -3.777681126        -9.098019360         2.681664259                
    0.2393770843         2.479273988        -3.238690790                
    -6082.632839         3435.003951        -1443.245901                
O              243                                                      
    -4.009396517       -0.9589529191         2.552913769                
    -1.970589038         5.924059657       -0.9242361334                
    -1627.646645        -6432.188816        -546.5661432                
O              244                                                      
     6.287573131        -9.167746998         4.191383695                
    -1.537218728       -0.1179113578         1.046405709                
     600.6238781         995.8054181        -7268.623658                
O              245                                                      
     1.426950790        -1.066426789         3.960750906                
     1.433109259        0.6282045922        -1.560488235                
     2497.698908         529.4434273        -58.66068195                
O              246                                                      
    -8.636239734        -9.135056821         2.591265000                
    0.3216420884        -1.659304990        -4.960294831                
    -3868.278951         11225.46738         1845.176805                
O              247                                                      
    -8.756481161        -1.017269671         2.583543059                
    -1.262128533        0.9179265956        -3.658596183                
    -718.0432525        -10227.21349        -1142.786448                
O              248                                                      
     1.428692678        -9.158145513         4.369798379                
     5.618764694        -1.439561828         2.299616054                
     4950.413087        -2924.426378        -10968.73774                
O              249                                                      
     8.354254666         2.480895013         1.242435195                
     2.039244226        -1.251988865         2.248381739                
    -3780.884094        -1956.905951        -1767.731923                
O              250                                                      
    -1.867746313         7.456147899         5.374426108                
     4.171647437        0.5520294153       -0.8415770703E-01            
    -2906.933881         5893.246499         5386.965036                
O              251                                                      
    -1.876646158         2.438397364         5.379833944                
     1.406436418         1.316303411        0.4789433512                
    -370.0278828        -3614.410340         4442.851984                
O              252                                                      
     8.347586853         7.442226599         1.481718825                
    -5.422047992        -4.991587103        -2.153094286                
    -1953.483164         2339.527286         1706.860575                
O              253                                                      
     8.281013537       -0.3517483453E-01     1.065837637                
    -2.780300086        -4.791341932         1.084600137                
    -6088.059536        -10731.69636        -2509.361373                
O              254                                                      
    -1.988240664         9.997085436         5.543837824                
     2.423154980        -2.362245323        -3.408590272                
     3149.177601        -11263.72684        -12532.74427                
O              255                                                      
    -1.862653016       -0.6234501455E-01     5.536163830                
     5.419690836        0.5323477930        0.3146896679                
     3579.361170         7176.438546        -1692.595611                
O              256                                                      
     8.191489208         9.882613343         1.347689171                
    -1.044187153       -0.7175080748         1.195255221                
    -3914.099950         7252.913585        -2211.878057                
O              257                                                      
     8.247266066        -2.585199629         1.026940471                
    -5.670081990        0.3394435555        0.7154416888E-01            
    -3888.555403         1797.780333         123.4842881                
O              258                                                      
    -1.968570603        -7.639002135         5.679792497                
    -4.338294509        -2.497117558        -3.725709310                
     3583.208015         9299.215659        -13273.20610                
O              259                                                      
    -1.844090861        -2.517418068         5.663075584                
     4.142816040       -0.7777809616        -2.416277001                
    -7375.042818        -2251.977335         5532.964269                
O              260                                                      
     8.251851242        -7.742510057         1.193369655                
     2.281275232        -2.868625188        -1.950684136                
    -4406.873663        -8261.099108        -5032.268746                
O              261                                                      
     3.997841399         2.418446995         1.264156857                
     2.653438551         3.567312654        -2.161388200                
     2818.664891         9644.567150        -2151.557417                
O              262                                                      
    -6.180626289         7.517281824         5.315308919                
    -3.354861129         2.728789016        -1.878093301                
    -362.8763281        -1268.584373         5446.573562                
O              263                                                      
    -6.298498114         2.484220774         5.400883404                
     1.604330957         2.959214332        0.3509417811                
     6057.466223        -2845.248413         10617.74096                
O              264                                                      
     3.913537238         7.580490604         1.427828145                
     1.491645110        -1.536792127        -4.886987534                
     6590.102576        -4403.398864        -8073.991138                
O              265                                                      
     4.071512874       -0.9130333402E-01     1.064652331                
     1.691054086         3.489946168         2.493943190                
    -7261.474231         10071.18723         13418.59906                
O              266                                                      
    -6.266382819         10.05411203         5.537418637                
     1.278176752         1.992113801         2.421807792                
     7888.748852         7104.461943         4952.665802                
O              267                                                      
    -6.084578498       -0.2633646652E-01     5.539040509                
    -4.656995411        0.5212411804        -2.571895561                
    -1251.307474        -5937.183874         3280.745134                
O              268                                                      
     4.095107382        -10.05924502         1.323282357                
    0.9085925818         2.957865838        -2.316293230                
    -707.0741402        -4494.745193         784.0147753                
O              269                                                      
     4.108541287        -2.594863783         1.020976335                
     3.609918628        -3.872920655         1.422175085                
    -5693.445831        -6984.720391         6095.963483                
O              270                                                      
    -6.143732623        -7.560343241         5.620497063                
    -1.591982807         1.159605171       -0.7972720356                
    -109.5305088        -4745.907734         4336.290971                
O              271                                                      
    -6.010746454        -2.568018340         5.609702020                
   -0.1332718403         1.330487885        -1.064819949                
    -4533.719527         8162.437120         6691.170365                
O              272                                                      
     4.142445600        -7.568803267         1.175328691                
   -0.7633935785        -1.426456748         2.127100894                
     3996.309208        -3412.249367        -1675.682386                
O              273                                                      
   -0.2139845031E-01     1.010604304         4.076710273                
    -3.145893185         1.410139439         3.906382430                
    -119.9950445        -3690.120285        -3310.108619                
O              274                                                      
     10.14254500         9.039454057         2.688747099                
    -1.274377956       -0.9070429474       -0.3325655430                
    -6082.979883        -11638.21756        -5310.413544                
O              275                                                      
     10.06663279         1.042895905         2.566876332                
    -2.642717748         1.183833135        -3.703479572                
    -6202.854908        -4124.142599        -1749.666801                
O              276                                                      
   -0.2360328054E-01     8.948623269         4.249467180                
    0.7669229542       -0.7371711502E-01   -0.7096838579                
     5786.909818         2602.783609        -949.2948325                
O              277                                                      
   -0.2872883663E-01    -3.177623992         4.113464290                
    -2.089389846        -1.339855390        0.1477776603E-01            
    -10094.36792        -2497.511850        -7048.421431                
O              278                                                      
     10.12452335        -7.072474732         2.712127372                
    -2.303177100         1.394565163        -5.682052597                
     6065.464646         486.1913667        -1496.930056                
O              279                                                      
     10.11575073        -3.208906739         2.584147120                
     2.316233398         3.982315511         3.306474250                
    -2658.441651         1398.455791         2065.086776                
O              280                                                      
    0.2872932654E-01    -6.990913235         4.254916233                
    0.1215051308E-01    0.9351396229         1.636444550                
    -5962.985229        -1680.832006        -5161.053619                
O              281                                                      
     8.591592717        -5.172069748         1.978727038                
   -0.8787775348E-01    -5.849398550         3.136977779                
     1241.836851        -6332.698646         2911.832095                
O              282                                                      
    -1.614930704        -5.061023343         4.622561306                
     1.826215818        -2.259991272        -7.727759351                
    -2644.742767         2030.020191         4352.176354                
O              283                                                      
     3.820580542        -5.093547822         2.103185047                
    -1.030196931        0.6500413777         2.063721184                
     133.9710623        -9677.584343         4048.087817                
O              284                                                      
    -6.378081996        -5.049290373         4.664460354                
    -1.511715228        -2.843095000        0.4379455571                
     6188.087211         715.4117035        -2716.700100                
O              285                                                      
     4.306431384         5.019522790        0.5388772995                
     6.042448827       -0.6651073676E-01     1.198152139                
    -2900.385707        -1625.009678         1262.515429                
O              286                                                      
    -6.030448863         5.012052349         6.336381412                
     2.754946715        -3.385692832        -2.540793738                
     7533.968434        -20994.85274        -421.0519021                
O              287                                                      
     7.965079916         5.065220811        0.3941280912                
     3.940609647         1.570329981       -0.1423423666                
    -1419.703430        -10018.04996        -1959.044435                
O              288                                                      
    -2.222249475         4.962849602         6.379587012                
    0.2772618863        0.9556056417         2.221048601                
     2443.859596        -11635.43932        -699.0130778                
C              289                                                      
    -1.084697766         3.969980185       -0.3150936770                
    -2.719095637       -0.2852045454       -0.5402218950                
    -16.55110096         37.90850912        -77.34554528                
C              290                                                      
   -0.4821271782         5.043279526       -0.9820651668                
   -0.9645632240       -0.6878698458        0.3969234487                
    -10.78672319         47.50837146        -164.4404349                
C              291                                                      
   -0.7636231053         6.357637239       -0.5906269933                
    0.5237104798       -0.5449853628        0.9874168637                
    -1.937478252         23.33938545         20.29253820                
C              292                                                      
    -1.647689621         6.598695611        0.4677826701                
    0.2574517724        0.5644206002E-03    0.6407649355                
     495.9760806        -128.3462099         145.6198191                
C              293                                                      
    -2.250260209         5.525396268         1.134754160                
    -1.497080643        0.4032297213       -0.2963804095                
    -27.59351047         67.05944892        -91.28929021                
C              294                                                      
    -1.968764282         4.211038556        0.7433159869                
    -2.985354346        0.2603452383       -0.8868738242                
     46.52447773         45.32069502        -83.25796511                
H              295                                                      
   -0.8675437653         2.956047091       -0.6170602681                
    -3.867192495       -0.3954297180       -0.9957453871                
    -65.37317358        -68.00627297        -35.02168075                
H              296                                                      
    0.1998792533         4.857327075        -1.798566853                
   -0.7591469808        -1.108730357        0.6643512400                
    -108.3105987        -57.26262069        -79.25279394                
H              297                                                      
   -0.2987706744         7.185617883        -1.105162089                
     1.877223583       -0.8556207020         1.710368148                
     33.49765888        -106.6487309        -23.45189933                
H              298                                                      
    -1.864843622         7.612628704        0.7697492611                
     1.405548630        0.1107895932         1.096288427                
     221.3516929        -146.9528778         272.1722075                
H              299                                                      
    -2.932266640         5.711348720         1.951255846                
    -1.702496885        0.8240902325       -0.5638082000                
     16.82163594         40.84433015         2.593623233                
H              300                                                      
    -2.433616713         3.383057914         1.257851083                
    -4.338867448        0.5709805774        -1.609825108                
    -98.98650223        -154.6627493        -59.82042356                
