t	totalEnergy 	temperature  	pressure 	volume 		PtensXX 	PtensXY 	PtensXZ 	PtensYX 	PtensYY 	PtensYZ 	PtensZX 	PtensZY 	PtensZZ
0,0	-1,199327E+06	3,000000E+02	1,641954E+01	5,568179E+03
0,1	-1,199333E+06	6,931849E+02	6,057973E+01	5,568179E+03
0,2	-1,199334E+06	6,829426E+02	4,642849E+01	5,568179E+03
0,3	-1,199334E+06	6,326682E+02	4,178912E+01	5,568179E+03
0,4	-1,199336E+06	6,270929E+02	5,376418E+01	5,568179E+03
0,5	-1,199335E+06	5,606401E+02	5,385786E+01	5,568179E+03
0,6	-1,199336E+06	5,594839E+02	4,952267E+01	5,568179E+03
0,7	-1,199336E+06	4,912206E+02	4,983933E+01	5,568179E+03
0,8	-1,199338E+06	4,754526E+02	5,386584E+01	5,568179E+03
0,9	-1,199339E+06	4,362437E+02	5,181342E+01	5,568179E+03
1,0	-1,199339E+06	3,795410E+02	4,968405E+01	5,568179E+03
1,1	-1,199340E+06	3,493757E+02	5,223411E+01	5,568179E+03
1,2	-1,199341E+06	3,194801E+02	5,365131E+01	5,568179E+03
1,3	-1,199342E+06	2,816714E+02	5,078584E+01	5,568179E+03
1,4	-1,199342E+06	2,769343E+02	5,232916E+01	5,568179E+03
1,5	-1,199343E+06	2,480764E+02	5,403563E+01	5,568179E+03
1,6	-1,199344E+06	2,244294E+02	4,950361E+01	5,568179E+03
1,7	-1,199344E+06	2,080426E+02	5,064306E+01	5,568179E+03
1,8	-1,199344E+06	1,887965E+02	5,279111E+01	5,568179E+03
1,9	-1,199345E+06	1,834674E+02	4,940847E+01	5,568179E+03
2,0	-1,199345E+06	1,601625E+02	4,847821E+01	5,568179E+03
2,1	-1,199345E+06	1,510964E+02	5,275812E+01	5,568179E+03
2,2	-1,199345E+06	1,482433E+02	5,163994E+01	5,568179E+03
2,3	-1,199345E+06	1,239981E+02	5,023106E+01	5,568179E+03
2,4	-1,199345E+06	1,216266E+02	5,220110E+01	5,568179E+03
2,5	-1,199345E+06	1,163600E+02	5,429445E+01	5,568179E+03
2,6	-1,199346E+06	1,148458E+02	5,251653E+01	5,568179E+03
2,7	-1,199346E+06	1,111151E+02	5,338774E+01	5,568179E+03
2,8	-1,199346E+06	1,016565E+02	5,502102E+01	5,568179E+03
2,9	-1,199346E+06	1,003013E+02	5,465789E+01	5,568179E+03
3,0	-1,199346E+06	1,031585E+02	5,374181E+01	5,568179E+03
3,1	-1,199346E+06	1,014539E+02	5,484405E+01	5,568179E+03
3,2	-1,199346E+06	9,844991E+01	5,480402E+01	5,568179E+03
3,3	-1,199346E+06	1,006011E+02	5,352470E+01	5,568179E+03
3,4	-1,199346E+06	9,945951E+01	5,335487E+01	5,568179E+03
3,5	-1,199346E+06	9,717313E+01	5,399209E+01	5,568179E+03
3,6	-1,199346E+06	1,061855E+02	5,183742E+01	5,568179E+03
3,7	-1,199346E+06	1,019208E+02	5,122754E+01	5,568179E+03
3,8	-1,199345E+06	1,110962E+02	5,415519E+01	5,568179E+03
3,9	-1,199345E+06	1,155316E+02	5,435089E+01	5,568179E+03
4,0	-1,199345E+06	1,240153E+02	5,430836E+01	5,568179E+03
4,1	-1,199345E+06	1,211059E+02	5,596217E+01	5,568179E+03
4,2	-1,199345E+06	1,290653E+02	5,354654E+01	5,568179E+03
4,3	-1,199345E+06	1,421187E+02	5,281668E+01	5,568179E+03
4,4	-1,199345E+06	1,592286E+02	5,292607E+01	5,568179E+03
4,5	-1,199345E+06	1,620086E+02	5,297896E+01	5,568179E+03
4,6	-1,199345E+06	1,801892E+02	5,337816E+01	5,568179E+03
4,7	-1,199345E+06	1,862300E+02	5,086245E+01	5,568179E+03
4,8	-1,199344E+06	2,070816E+02	4,976875E+01	5,568179E+03
4,9	-1,199343E+06	2,261182E+02	5,389477E+01	5,568179E+03
5,0	-1,199343E+06	2,344070E+02	4,977001E+01	5,568179E+03
5,1	-1,199342E+06	2,533431E+02	4,813502E+01	5,568179E+03
5,2	-1,199342E+06	2,945914E+02	5,331572E+01	5,568179E+03
5,3	-1,199341E+06	3,219659E+02	5,260910E+01	5,568179E+03
5,4	-1,199341E+06	3,656094E+02	4,855749E+01	5,568179E+03
5,5	-1,199340E+06	3,949865E+02	5,364476E+01	5,568179E+03
5,6	-1,199340E+06	4,591198E+02	4,931812E+01	5,568179E+03
5,7	-1,199339E+06	4,750388E+02	4,668467E+01	5,568179E+03
5,8	-1,199337E+06	4,850959E+02	4,852335E+01	5,568179E+03
5,9	-1,199337E+06	5,280653E+02	4,986555E+01	5,568179E+03
6,0	-1,199336E+06	5,779805E+02	4,664346E+01	5,568179E+03
6,1	-1,199335E+06	6,183812E+02	5,202429E+01	5,568179E+03
6,2	-1,199335E+06	6,093880E+02	4,836752E+01	5,568179E+03
6,3	-1,199334E+06	6,464847E+02	4,882749E+01	5,568179E+03
6,4	-1,199334E+06	6,857391E+02	4,950130E+01	5,568179E+03
6,5	-1,199333E+06	6,408912E+02	4,432653E+01	5,568179E+03
6,6	-1,199334E+06	6,914708E+02	4,701508E+01	5,568179E+03
6,7	-1,199335E+06	6,777011E+02	4,325695E+01	5,568179E+03
6,8	-1,199335E+06	6,670222E+02	4,979631E+01	5,568179E+03
6,9	-1,199336E+06	6,109098E+02	4,790679E+01	5,568179E+03
7,0	-1,199338E+06	6,170750E+02	4,898253E+01	5,568179E+03
7,1	-1,199337E+06	5,751960E+02	4,883636E+01	5,568179E+03
7,2	-1,199338E+06	5,280036E+02	4,919769E+01	5,568179E+03
7,3	-1,199338E+06	4,712955E+02	4,953275E+01	5,568179E+03
7,4	-1,199338E+06	4,390433E+02	4,977473E+01	5,568179E+03
7,5	-1,199339E+06	3,864942E+02	4,955436E+01	5,568179E+03
7,6	-1,199340E+06	3,617961E+02	5,186030E+01	5,568179E+03
7,7	-1,199341E+06	3,272448E+02	5,126004E+01	5,568179E+03
7,8	-1,199341E+06	3,040213E+02	4,848297E+01	5,568179E+03
7,9	-1,199342E+06	2,908428E+02	5,537527E+01	5,568179E+03
8,0	-1,199342E+06	2,557099E+02	5,216748E+01	5,568179E+03
8,1	-1,199343E+06	2,340271E+02	5,055964E+01	5,568179E+03
8,2	-1,199343E+06	2,102414E+02	5,374666E+01	5,568179E+03
8,3	-1,199343E+06	1,903853E+02	5,290200E+01	5,568179E+03
8,4	-1,199344E+06	1,953948E+02	5,117501E+01	5,568179E+03
8,5	-1,199344E+06	1,637613E+02	5,180774E+01	5,568179E+03
8,6	-1,199345E+06	1,540377E+02	5,365717E+01	5,568179E+03
8,7	-1,199345E+06	1,479308E+02	5,370338E+01	5,568179E+03
8,8	-1,199345E+06	1,304718E+02	5,242400E+01	5,568179E+03
8,9	-1,199345E+06	1,238937E+02	5,253562E+01	5,568179E+03
9,0	-1,199345E+06	1,217722E+02	5,357318E+01	5,568179E+03
9,1	-1,199345E+06	1,109704E+02	5,181805E+01	5,568179E+03
9,2	-1,199345E+06	1,086814E+02	5,258256E+01	5,568179E+03
9,3	-1,199345E+06	1,087921E+02	5,417205E+01	5,568179E+03
9,4	-1,199345E+06	1,050970E+02	5,361893E+01	5,568179E+03
9,5	-1,199345E+06	9,758288E+01	5,179213E+01	5,568179E+03
9,6	-1,199346E+06	1,043050E+02	5,400988E+01	5,568179E+03
9,7	-1,199346E+06	1,046571E+02	5,380400E+01	5,568179E+03
9,8	-1,199346E+06	9,534738E+01	5,125032E+01	5,568179E+03
9,9	-1,199346E+06	9,658919E+01	5,370245E+01	5,568179E+03
10,0	-1,199346E+06	1,090609E+02	5,366620E+01	5,568179E+03
10,1	-1,199346E+06	1,068389E+02	5,307735E+01	5,568179E+03
10,2	-1,199346E+06	1,042913E+02	5,254792E+01	5,568179E+03
10,3	-1,199345E+06	1,074421E+02	5,357110E+01	5,568179E+03
10,4	-1,199345E+06	1,129841E+02	5,444247E+01	5,568179E+03
10,5	-1,199345E+06	1,135752E+02	5,369690E+01	5,568179E+03
10,6	-1,199345E+06	1,220781E+02	5,470455E+01	5,568179E+03
10,7	-1,199345E+06	1,289336E+02	5,316406E+01	5,568179E+03
10,8	-1,199344E+06	1,369599E+02	5,344917E+01	5,568179E+03
10,9	-1,199344E+06	1,488511E+02	5,427512E+01	5,568179E+03
11,0	-1,199344E+06	1,603751E+02	5,424832E+01	5,568179E+03
11,1	-1,199344E+06	1,700759E+02	5,384058E+01	5,568179E+03
11,2	-1,199343E+06	1,931194E+02	5,207703E+01	5,568179E+03
11,3	-1,199343E+06	2,082291E+02	5,169554E+01	5,568179E+03
11,4	-1,199343E+06	2,241670E+02	4,968200E+01	5,568179E+03
11,5	-1,199343E+06	2,431405E+02	5,133115E+01	5,568179E+03
11,6	-1,199342E+06	2,724714E+02	4,960578E+01	5,568179E+03
11,7	-1,199342E+06	2,837619E+02	5,026314E+01	5,568179E+03
11,8	-1,199341E+06	3,078167E+02	5,071412E+01	5,568179E+03
11,9	-1,199341E+06	3,776024E+02	5,326887E+01	5,568179E+03
12,0	-1,199340E+06	3,882959E+02	4,980373E+01	5,568179E+03
12,1	-1,199340E+06	4,349260E+02	4,784151E+01	5,568179E+03
12,2	-1,199339E+06	4,906755E+02	4,890475E+01	5,568179E+03
12,3	-1,199338E+06	5,259412E+02	5,125989E+01	5,568179E+03
12,4	-1,199337E+06	5,523240E+02	5,004485E+01	5,568179E+03
12,5	-1,199336E+06	5,770754E+02	4,183157E+01	5,568179E+03
12,6	-1,199336E+06	6,086184E+02	5,193619E+01	5,568179E+03
12,7	-1,199336E+06	6,502206E+02	5,102084E+01	5,568179E+03
12,8	-1,199336E+06	6,906933E+02	3,781851E+01	5,568179E+03
12,9	-1,199335E+06	6,835113E+02	5,080274E+01	5,568179E+03
13,0	-1,199334E+06	6,485794E+02	4,640847E+01	5,568179E+03
13,1	-1,199335E+06	6,757608E+02	4,218672E+01	5,568179E+03
13,2	-1,199335E+06	6,710744E+02	4,726832E+01	5,568179E+03
13,3	-1,199335E+06	6,640698E+02	5,013213E+01	5,568179E+03
13,4	-1,199336E+06	6,221426E+02	4,396696E+01	5,568179E+03
13,5	-1,199336E+06	6,050543E+02	5,239853E+01	5,568179E+03
13,6	-1,199337E+06	5,307289E+02	4,696609E+01	5,568179E+03
13,7	-1,199338E+06	5,196232E+02	4,731720E+01	5,568179E+03
13,8	-1,199337E+06	4,727343E+02	4,587747E+01	5,568179E+03
13,9	-1,199339E+06	4,306314E+02	5,053265E+01	5,568179E+03
14,0	-1,199340E+06	4,079206E+02	5,016600E+01	5,568179E+03
14,1	-1,199341E+06	3,819962E+02	4,986134E+01	5,568179E+03
14,2	-1,199341E+06	3,314994E+02	5,117937E+01	5,568179E+03
14,3	-1,199342E+06	3,076541E+02	5,191904E+01	5,568179E+03
14,4	-1,199343E+06	2,844446E+02	5,215652E+01	5,568179E+03
14,5	-1,199343E+06	2,372353E+02	5,361317E+01	5,568179E+03
14,6	-1,199344E+06	2,266216E+02	5,232384E+01	5,568179E+03
14,7	-1,199344E+06	1,995340E+02	4,871223E+01	5,568179E+03
14,8	-1,199344E+06	1,875029E+02	4,942398E+01	5,568179E+03
14,9	-1,199345E+06	1,940164E+02	5,187746E+01	5,568179E+03
15,0	-1,199345E+06	1,679477E+02	5,174557E+01	5,568179E+03
15,1	-1,199345E+06	1,558419E+02	5,251674E+01	5,568179E+03
15,2	-1,199346E+06	1,434849E+02	5,458231E+01	5,568179E+03
15,3	-1,199346E+06	1,368509E+02	5,353090E+01	5,568179E+03
15,4	-1,199346E+06	1,221390E+02	5,443420E+01	5,568179E+03
15,5	-1,199346E+06	1,208823E+02	5,503984E+01	5,568179E+03
15,6	-1,199346E+06	1,233994E+02	5,391961E+01	5,568179E+03
15,7	-1,199346E+06	1,026880E+02	5,283182E+01	5,568179E+03
15,8	-1,199346E+06	1,041464E+02	5,364682E+01	5,568179E+03
15,9	-1,199346E+06	1,058868E+02	5,377910E+01	5,568179E+03
16,0	-1,199346E+06	9,567763E+01	5,212796E+01	5,568179E+03
16,1	-1,199346E+06	9,970270E+01	5,149903E+01	5,568179E+03
16,2	-1,199346E+06	9,737216E+01	5,234066E+01	5,568179E+03
16,3	-1,199346E+06	1,002316E+02	5,262781E+01	5,568179E+03
16,4	-1,199346E+06	9,940237E+01	5,149847E+01	5,568179E+03
16,5	-1,199346E+06	1,015055E+02	5,261554E+01	5,568179E+03
16,6	-1,199346E+06	1,033863E+02	5,262176E+01	5,568179E+03
16,7	-1,199346E+06	1,000787E+02	5,223447E+01	5,568179E+03
16,8	-1,199346E+06	1,024373E+02	5,409880E+01	5,568179E+03
16,9	-1,199346E+06	1,146771E+02	5,495620E+01	5,568179E+03
17,0	-1,199346E+06	1,184789E+02	5,264206E+01	5,568179E+03
17,1	-1,199346E+06	1,209154E+02	5,267955E+01	5,568179E+03
17,2	-1,199345E+06	1,290170E+02	5,355046E+01	5,568179E+03
17,3	-1,199345E+06	1,390010E+02	5,223946E+01	5,568179E+03
17,4	-1,199345E+06	1,500765E+02	5,285660E+01	5,568179E+03
17,5	-1,199345E+06	1,547724E+02	5,327152E+01	5,568179E+03
17,6	-1,199345E+06	1,757098E+02	5,291267E+01	5,568179E+03
17,7	-1,199344E+06	1,822706E+02	5,197123E+01	5,568179E+03
17,8	-1,199344E+06	1,934279E+02	5,122381E+01	5,568179E+03
17,9	-1,199344E+06	2,246365E+02	5,240944E+01	5,568179E+03
18,0	-1,199344E+06	2,652679E+02	5,121355E+01	5,568179E+03
18,1	-1,199343E+06	2,659223E+02	4,951590E+01	5,568179E+03
18,2	-1,199343E+06	3,144958E+02	5,115666E+01	5,568179E+03
18,3	-1,199342E+06	3,022418E+02	4,883762E+01	5,568179E+03
18,4	-1,199342E+06	3,665197E+02	4,741517E+01	5,568179E+03
18,5	-1,199340E+06	3,510917E+02	5,142884E+01	5,568179E+03
18,6	-1,199339E+06	4,144921E+02	5,100909E+01	5,568179E+03
18,7	-1,199339E+06	4,545109E+02	4,844753E+01	5,568179E+03
18,8	-1,199338E+06	4,736983E+02	5,037476E+01	5,568179E+03
18,9	-1,199337E+06	5,319674E+02	5,656233E+01	5,568179E+03
19,0	-1,199338E+06	5,662861E+02	4,729777E+01	5,568179E+03
19,1	-1,199337E+06	5,936191E+02	4,925671E+01	5,568179E+03
19,2	-1,199336E+06	5,956683E+02	4,706745E+01	5,568179E+03
19,3	-1,199336E+06	6,921189E+02	4,735002E+01	5,568179E+03
19,4	-1,199335E+06	6,998306E+02	4,868456E+01	5,568179E+03
19,5	-1,199335E+06	6,828163E+02	4,484930E+01	5,568179E+03
19,6	-1,199334E+06	6,594279E+02	4,869270E+01	5,568179E+03
19,7	-1,199335E+06	6,824730E+02	4,802498E+01	5,568179E+03
19,8	-1,199336E+06	6,674538E+02	5,020266E+01	5,568179E+03
19,9	-1,199336E+06	6,218571E+02	4,931697E+01	5,568179E+03
20,0	-1,199337E+06	5,989814E+02	4,803437E+01	5,568179E+03
20,1	-1,199337E+06	5,631977E+02	4,790097E+01	5,568179E+03
20,2	-1,199338E+06	5,279523E+02	5,262435E+01	5,568179E+03
20,3	-1,199339E+06	4,759623E+02	5,189610E+01	5,568179E+03
20,4	-1,199340E+06	4,559192E+02	4,957285E+01	5,568179E+03
20,5	-1,199341E+06	4,158247E+02	5,293954E+01	5,568179E+03
20,6	-1,199341E+06	3,613801E+02	5,286324E+01	5,568179E+03
20,7	-1,199342E+06	3,426759E+02	5,287696E+01	5,568179E+03
20,8	-1,199342E+06	2,965272E+02	5,469549E+01	5,568179E+03
20,9	-1,199343E+06	2,761853E+02	5,268288E+01	5,568179E+03
21,0	-1,199344E+06	2,654261E+02	5,420302E+01	5,568179E+03
21,1	-1,199344E+06	2,394426E+02	5,430954E+01	5,568179E+03
21,2	-1,199344E+06	2,051489E+02	5,207234E+01	5,568179E+03
21,3	-1,199345E+06	2,007258E+02	5,035665E+01	5,568179E+03
21,4	-1,199345E+06	1,850981E+02	4,998695E+01	5,568179E+03
21,5	-1,199346E+06	1,774799E+02	4,984180E+01	5,568179E+03
21,6	-1,199346E+06	1,544230E+02	4,885899E+01	5,568179E+03
21,7	-1,199346E+06	1,495902E+02	5,037879E+01	5,568179E+03
21,8	-1,199346E+06	1,390888E+02	5,056666E+01	5,568179E+03
21,9	-1,199346E+06	1,315350E+02	5,165611E+01	5,568179E+03
22,0	-1,199347E+06	1,251855E+02	5,359861E+01	5,568179E+03
22,1	-1,199347E+06	1,235700E+02	5,547943E+01	5,568179E+03
22,2	-1,199347E+06	1,093449E+02	5,561125E+01	5,568179E+03
22,3	-1,199347E+06	1,115736E+02	5,641017E+01	5,568179E+03
22,4	-1,199347E+06	1,000787E+02	5,640470E+01	5,568179E+03
22,5	-1,199347E+06	1,003604E+02	5,684263E+01	5,568179E+03
22,6	-1,199347E+06	1,037417E+02	5,302439E+01	5,568179E+03
22,7	-1,199347E+06	9,904886E+01	5,404351E+01	5,568179E+03
22,8	-1,199347E+06	9,935229E+01	5,350491E+01	5,568179E+03
22,9	-1,199347E+06	1,058275E+02	5,072131E+01	5,568179E+03
23,0	-1,199347E+06	1,030451E+02	5,069413E+01	5,568179E+03
23,1	-1,199347E+06	9,597249E+01	5,265216E+01	5,568179E+03
23,2	-1,199347E+06	1,099766E+02	5,261575E+01	5,568179E+03
23,3	-1,199347E+06	1,085369E+02	5,296421E+01	5,568179E+03
23,4	-1,199347E+06	1,201890E+02	5,446405E+01	5,568179E+03
23,5	-1,199347E+06	1,157992E+02	5,478019E+01	5,568179E+03
23,6	-1,199347E+06	1,310835E+02	5,381256E+01	5,568179E+03
23,7	-1,199346E+06	1,265820E+02	5,438852E+01	5,568179E+03
23,8	-1,199346E+06	1,417039E+02	5,481206E+01	5,568179E+03
23,9	-1,199346E+06	1,566048E+02	5,429471E+01	5,568179E+03
24,0	-1,199346E+06	1,646947E+02	5,400436E+01	5,568179E+03
24,1	-1,199346E+06	1,698826E+02	5,384280E+01	5,568179E+03
24,2	-1,199346E+06	1,886145E+02	5,340071E+01	5,568179E+03
24,3	-1,199345E+06	2,097232E+02	5,562334E+01	5,568179E+03
24,4	-1,199344E+06	2,124794E+02	5,205356E+01	5,568179E+03
24,5	-1,199344E+06	2,425157E+02	5,337106E+01	5,568179E+03
24,6	-1,199343E+06	2,634004E+02	5,498361E+01	5,568179E+03
24,7	-1,199343E+06	2,798530E+02	5,147175E+01	5,568179E+03
24,8	-1,199342E+06	3,191091E+02	5,150120E+01	5,568179E+03
24,9	-1,199341E+06	3,465682E+02	4,902151E+01	5,568179E+03
25,0	-1,199340E+06	3,654473E+02	4,508099E+01	5,568179E+03
25,1	-1,199340E+06	4,149074E+02	4,752833E+01	5,568179E+03
25,2	-1,199339E+06	4,482221E+02	4,522419E+01	5,568179E+03
25,3	-1,199338E+06	4,809375E+02	4,422897E+01	5,568179E+03
25,4	-1,199337E+06	5,088361E+02	4,848967E+01	5,568179E+03
25,5	-1,199336E+06	5,718866E+02	5,367225E+01	5,568179E+03
25,6	-1,199336E+06	5,948394E+02	5,311892E+01	5,568179E+03
25,7	-1,199335E+06	6,272953E+02	5,324054E+01	5,568179E+03
25,8	-1,199335E+06	6,487599E+02	4,943031E+01	5,568179E+03
25,9	-1,199334E+06	6,454145E+02	5,036922E+01	5,568179E+03
26,0	-1,199335E+06	6,974568E+02	5,287600E+01	5,568179E+03
26,1	-1,199335E+06	6,735939E+02	5,095965E+01	5,568179E+03
26,2	-1,199335E+06	6,658419E+02	4,868110E+01	5,568179E+03
26,3	-1,199335E+06	6,192171E+02	4,709258E+01	5,568179E+03
26,4	-1,199335E+06	5,902444E+02	4,819638E+01	5,568179E+03
26,5	-1,199336E+06	5,772301E+02	4,438751E+01	5,568179E+03
26,6	-1,199337E+06	5,665712E+02	4,751269E+01	5,568179E+03
26,7	-1,199337E+06	5,109741E+02	4,434193E+01	5,568179E+03
26,8	-1,199338E+06	4,864160E+02	4,354109E+01	5,568179E+03
26,9	-1,199339E+06	4,800456E+02	4,766275E+01	5,568179E+03
27,0	-1,199339E+06	4,154032E+02	4,787788E+01	5,568179E+03
27,1	-1,199340E+06	3,842099E+02	4,989142E+01	5,568179E+03
27,2	-1,199341E+06	3,342021E+02	5,126517E+01	5,568179E+03
27,3	-1,199341E+06	3,112257E+02	5,090297E+01	5,568179E+03
27,4	-1,199342E+06	2,810737E+02	5,643367E+01	5,568179E+03
27,5	-1,199343E+06	2,713296E+02	5,461691E+01	5,568179E+03
27,6	-1,199343E+06	2,345662E+02	5,297996E+01	5,568179E+03
27,7	-1,199343E+06	2,231400E+02	5,685976E+01	5,568179E+03
27,8	-1,199344E+06	2,059038E+02	5,558256E+01	5,568179E+03
27,9	-1,199344E+06	1,864634E+02	5,394076E+01	5,568179E+03
28,0	-1,199345E+06	1,814841E+02	5,550247E+01	5,568179E+03
28,1	-1,199345E+06	1,589513E+02	5,493206E+01	5,568179E+03
28,2	-1,199345E+06	1,515686E+02	5,289054E+01	5,568179E+03
28,3	-1,199345E+06	1,338269E+02	5,254525E+01	5,568179E+03
28,4	-1,199345E+06	1,239190E+02	5,084258E+01	5,568179E+03
28,5	-1,199345E+06	1,226703E+02	5,167678E+01	5,568179E+03
28,6	-1,199345E+06	1,162169E+02	5,066227E+01	5,568179E+03
28,7	-1,199345E+06	1,147903E+02	5,105476E+01	5,568179E+03
28,8	-1,199345E+06	1,048049E+02	5,304654E+01	5,568179E+03
28,9	-1,199346E+06	1,070003E+02	5,278765E+01	5,568179E+03
29,0	-1,199346E+06	1,021371E+02	5,358051E+01	5,568179E+03
29,1	-1,199346E+06	1,004485E+02	5,597632E+01	5,568179E+03
29,2	-1,199346E+06	9,733567E+01	5,460068E+01	5,568179E+03
29,3	-1,199346E+06	1,027949E+02	5,611790E+01	5,568179E+03
29,4	-1,199346E+06	1,015209E+02	5,744722E+01	5,568179E+03
29,5	-1,199346E+06	9,912327E+01	5,603484E+01	5,568179E+03
29,6	-1,199346E+06	1,041907E+02	5,572622E+01	5,568179E+03
29,7	-1,199345E+06	1,030104E+02	5,595486E+01	5,568179E+03
29,8	-1,199345E+06	1,117583E+02	5,249778E+01	5,568179E+03
29,9	-1,199345E+06	1,138015E+02	5,223797E+01	5,568179E+03
30,0	-1,199345E+06	1,106372E+02	5,192775E+01	5,568179E+03
30,1	-1,199345E+06	1,269732E+02	4,935820E+01	5,568179E+03
30,2	-1,199345E+06	1,354050E+02	4,977581E+01	5,568179E+03
30,3	-1,199345E+06	1,432894E+02	5,231815E+01	5,568179E+03
30,4	-1,199344E+06	1,484934E+02	5,267094E+01	5,568179E+03
30,5	-1,199344E+06	1,531740E+02	5,202892E+01	5,568179E+03
30,6	-1,199344E+06	1,791773E+02	5,439855E+01	5,568179E+03
30,7	-1,199344E+06	1,863791E+02	5,447789E+01	5,568179E+03
30,8	-1,199344E+06	1,968508E+02	5,468480E+01	5,568179E+03
30,9	-1,199344E+06	2,230696E+02	5,357495E+01	5,568179E+03
31,0	-1,199343E+06	2,380624E+02	5,562625E+01	5,568179E+03
31,1	-1,199343E+06	2,611573E+02	5,506696E+01	5,568179E+03
31,2	-1,199342E+06	2,746614E+02	5,236951E+01	5,568179E+03
31,3	-1,199342E+06	3,109382E+02	5,209722E+01	5,568179E+03
31,4	-1,199342E+06	3,431197E+02	5,550520E+01	5,568179E+03
31,5	-1,199341E+06	3,583707E+02	4,861648E+01	5,568179E+03
31,6	-1,199339E+06	4,084698E+02	5,173744E+01	5,568179E+03
31,7	-1,199339E+06	4,397423E+02	4,930710E+01	5,568179E+03
31,8	-1,199338E+06	4,894742E+02	4,552830E+01	5,568179E+03
31,9	-1,199337E+06	5,061078E+02	4,398707E+01	5,568179E+03
32,0	-1,199336E+06	5,611263E+02	4,048592E+01	5,568179E+03
32,1	-1,199336E+06	5,996464E+02	4,692965E+01	5,568179E+03
32,2	-1,199334E+06	5,965785E+02	5,038536E+01	5,568179E+03
32,3	-1,199335E+06	6,709278E+02	4,751003E+01	5,568179E+03
32,4	-1,199334E+06	6,421430E+02	5,037446E+01	5,568179E+03
32,5	-1,199334E+06	6,815298E+02	5,305879E+01	5,568179E+03
32,6	-1,199333E+06	6,659053E+02	5,154288E+01	5,568179E+03
32,7	-1,199334E+06	5,876898E+02	4,402098E+01	5,568179E+03
32,8	-1,199336E+06	6,854212E+02	4,941534E+01	5,568179E+03
32,9	-1,199336E+06	6,282644E+02	5,124346E+01	5,568179E+03
33,0	-1,199336E+06	6,014845E+02	5,056782E+01	5,568179E+03
33,1	-1,199337E+06	5,721249E+02	4,807364E+01	5,568179E+03
33,2	-1,199337E+06	5,375965E+02	5,039756E+01	5,568179E+03
33,3	-1,199339E+06	5,187287E+02	5,500106E+01	5,568179E+03
33,4	-1,199339E+06	4,583838E+02	5,202795E+01	5,568179E+03
33,5	-1,199340E+06	4,240456E+02	5,030301E+01	5,568179E+03
33,6	-1,199341E+06	3,882944E+02	4,925737E+01	5,568179E+03
33,7	-1,199341E+06	3,474441E+02	5,382365E+01	5,568179E+03
33,8	-1,199342E+06	3,261787E+02	4,767870E+01	5,568179E+03
33,9	-1,199342E+06	3,041687E+02	4,815731E+01	5,568179E+03
34,0	-1,199343E+06	2,652964E+02	4,999059E+01	5,568179E+03
34,1	-1,199343E+06	2,277587E+02	4,891105E+01	5,568179E+03
34,2	-1,199343E+06	2,257318E+02	5,006562E+01	5,568179E+03
34,3	-1,199344E+06	2,028034E+02	5,275371E+01	5,568179E+03
34,4	-1,199344E+06	1,869804E+02	5,428395E+01	5,568179E+03
34,5	-1,199344E+06	1,720332E+02	5,433527E+01	5,568179E+03
34,6	-1,199344E+06	1,512411E+02	5,332732E+01	5,568179E+03
34,7	-1,199345E+06	1,442390E+02	5,644343E+01	5,568179E+03
34,8	-1,199345E+06	1,356939E+02	5,541129E+01	5,568179E+03
34,9	-1,199345E+06	1,259424E+02	5,393464E+01	5,568179E+03
35,0	-1,199345E+06	1,217501E+02	5,552631E+01	5,568179E+03
35,1	-1,199346E+06	1,175849E+02	5,585756E+01	5,568179E+03
35,2	-1,199346E+06	1,158629E+02	5,488456E+01	5,568179E+03
35,3	-1,199346E+06	1,113422E+02	5,361336E+01	5,568179E+03
35,4	-1,199346E+06	1,006516E+02	5,258878E+01	5,568179E+03
35,5	-1,199346E+06	1,079423E+02	5,413866E+01	5,568179E+03
35,6	-1,199346E+06	9,993777E+01	5,096484E+01	5,568179E+03
35,7	-1,199346E+06	1,006581E+02	5,118035E+01	5,568179E+03
35,8	-1,199346E+06	1,019420E+02	5,288908E+01	5,568179E+03
35,9	-1,199346E+06	1,005422E+02	5,237738E+01	5,568179E+03
36,0	-1,199346E+06	1,062652E+02	5,483775E+01	5,568179E+03
36,1	-1,199346E+06	1,003843E+02	5,529585E+01	5,568179E+03
36,2	-1,199346E+06	1,051411E+02	5,624818E+01	5,568179E+03
36,3	-1,199346E+06	1,082720E+02	5,708311E+01	5,568179E+03
36,4	-1,199346E+06	1,192893E+02	5,608074E+01	5,568179E+03
36,5	-1,199346E+06	1,234955E+02	5,652577E+01	5,568179E+03
36,6	-1,199345E+06	1,179617E+02	5,701770E+01	5,568179E+03
36,7	-1,199345E+06	1,320537E+02	5,341946E+01	5,568179E+03
36,8	-1,199345E+06	1,367843E+02	5,483990E+01	5,568179E+03
36,9	-1,199345E+06	1,495187E+02	5,488036E+01	5,568179E+03
37,0	-1,199344E+06	1,509619E+02	5,197275E+01	5,568179E+03
37,1	-1,199344E+06	1,643848E+02	5,036685E+01	5,568179E+03
37,2	-1,199344E+06	1,848435E+02	5,140318E+01	5,568179E+03
37,3	-1,199344E+06	2,060767E+02	4,902845E+01	5,568179E+03
37,4	-1,199343E+06	2,178532E+02	5,039240E+01	5,568179E+03
37,5	-1,199343E+06	2,289886E+02	4,961339E+01	5,568179E+03
37,6	-1,199343E+06	2,576881E+02	5,024113E+01	5,568179E+03
37,7	-1,199342E+06	2,765735E+02	5,154544E+01	5,568179E+03
37,8	-1,199342E+06	3,082211E+02	5,335905E+01	5,568179E+03
37,9	-1,199342E+06	3,552777E+02	5,354491E+01	5,568179E+03
38,0	-1,199341E+06	3,729120E+02	5,205774E+01	5,568179E+03
38,1	-1,199341E+06	4,313283E+02	5,148060E+01	5,568179E+03
38,2	-1,199339E+06	4,530924E+02	5,307194E+01	5,568179E+03
38,3	-1,199338E+06	4,709701E+02	5,096490E+01	5,568179E+03
38,4	-1,199336E+06	4,829180E+02	5,607018E+01	5,568179E+03
38,5	-1,199336E+06	5,482114E+02	5,386071E+01	5,568179E+03
38,6	-1,199336E+06	5,642270E+02	5,222127E+01	5,568179E+03
38,7	-1,199334E+06	5,849394E+02	5,291224E+01	5,568179E+03
38,8	-1,199334E+06	5,790378E+02	5,089135E+01	5,568179E+03
38,9	-1,199334E+06	6,586784E+02	5,083904E+01	5,568179E+03
39,0	-1,199334E+06	6,505648E+02	5,183448E+01	5,568179E+03
39,1	-1,199334E+06	6,468703E+02	4,634794E+01	5,568179E+03
39,2	-1,199334E+06	6,551194E+02	4,464112E+01	5,568179E+03
39,3	-1,199334E+06	6,149538E+02	4,276578E+01	5,568179E+03
39,4	-1,199335E+06	6,102574E+02	4,414028E+01	5,568179E+03
39,5	-1,199336E+06	5,697165E+02	3,763873E+01	5,568179E+03
39,6	-1,199337E+06	5,934895E+02	4,662467E+01	5,568179E+03
39,7	-1,199337E+06	5,479295E+02	5,324598E+01	5,568179E+03
39,8	-1,199339E+06	4,998445E+02	4,861589E+01	5,568179E+03
39,9	-1,199339E+06	4,685826E+02	5,145482E+01	5,568179E+03
40,0	-1,199340E+06	4,449843E+02	5,524150E+01	5,568179E+03
40,1	-1,199341E+06	3,737224E+02	5,595584E+01	5,568179E+03
40,2	-1,199341E+06	3,235504E+02	5,674876E+01	5,568179E+03
40,3	-1,199342E+06	3,227480E+02	5,443231E+01	5,568179E+03
40,4	-1,199343E+06	3,006440E+02	5,485432E+01	5,568179E+03
40,5	-1,199343E+06	2,688357E+02	5,471347E+01	5,568179E+03
40,6	-1,199344E+06	2,470251E+02	5,533180E+01	5,568179E+03
40,7	-1,199345E+06	2,348819E+02	5,572811E+01	5,568179E+03
40,8	-1,199345E+06	2,207482E+02	5,326455E+01	5,568179E+03
40,9	-1,199346E+06	2,001087E+02	5,184690E+01	5,568179E+03
41,0	-1,199346E+06	1,751596E+02	5,290926E+01	5,568179E+03
41,1	-1,199346E+06	1,547288E+02	5,057657E+01	5,568179E+03
41,2	-1,199346E+06	1,501734E+02	5,064886E+01	5,568179E+03
41,3	-1,199346E+06	1,373503E+02	4,935455E+01	5,568179E+03
41,4	-1,199347E+06	1,317783E+02	5,057725E+01	5,568179E+03
41,5	-1,199347E+06	1,208570E+02	5,195727E+01	5,568179E+03
41,6	-1,199347E+06	1,115981E+02	5,204566E+01	5,568179E+03
41,7	-1,199347E+06	1,197059E+02	5,375635E+01	5,568179E+03
41,8	-1,199347E+06	1,054458E+02	5,365884E+01	5,568179E+03
41,9	-1,199347E+06	1,096021E+02	5,562810E+01	5,568179E+03
42,0	-1,199347E+06	1,010013E+02	5,544364E+01	5,568179E+03
42,1	-1,199347E+06	9,988329E+01	5,566506E+01	5,568179E+03
42,2	-1,199347E+06	1,070299E+02	5,664843E+01	5,568179E+03
42,3	-1,199347E+06	9,643444E+01	5,490889E+01	5,568179E+03
42,4	-1,199347E+06	1,032717E+02	5,692231E+01	5,568179E+03
42,5	-1,199347E+06	1,016490E+02	5,470977E+01	5,568179E+03
42,6	-1,199347E+06	1,055773E+02	5,349192E+01	5,568179E+03
42,7	-1,199347E+06	1,077571E+02	5,335303E+01	5,568179E+03
42,8	-1,199347E+06	1,110646E+02	4,958288E+01	5,568179E+03
42,9	-1,199347E+06	1,145175E+02	4,972347E+01	5,568179E+03
43,0	-1,199347E+06	1,159429E+02	5,055429E+01	5,568179E+03
43,1	-1,199347E+06	1,221255E+02	4,646826E+01	5,568179E+03
43,2	-1,199347E+06	1,284900E+02	5,136731E+01	5,568179E+03
43,3	-1,199347E+06	1,335600E+02	5,268501E+01	5,568179E+03
43,4	-1,199347E+06	1,493153E+02	5,180241E+01	5,568179E+03
43,5	-1,199346E+06	1,598063E+02	5,401761E+01	5,568179E+03
43,6	-1,199346E+06	1,749493E+02	5,471477E+01	5,568179E+03
43,7	-1,199346E+06	1,870842E+02	5,521995E+01	5,568179E+03
43,8	-1,199345E+06	1,983083E+02	5,484125E+01	5,568179E+03
43,9	-1,199344E+06	2,060230E+02	5,360217E+01	5,568179E+03
44,0	-1,199344E+06	2,310813E+02	5,332354E+01	5,568179E+03
44,1	-1,199344E+06	2,628120E+02	5,475785E+01	5,568179E+03
44,2	-1,199344E+06	2,794540E+02	5,119364E+01	5,568179E+03
44,3	-1,199344E+06	3,448806E+02	5,532164E+01	5,568179E+03
44,4	-1,199342E+06	3,271570E+02	5,111012E+01	5,568179E+03
44,5	-1,199342E+06	3,907298E+02	5,271721E+01	5,568179E+03
44,6	-1,199340E+06	4,059460E+02	4,633897E+01	5,568179E+03
44,7	-1,199339E+06	4,346932E+02	4,733329E+01	5,568179E+03
44,8	-1,199338E+06	4,461559E+02	4,630405E+01	5,568179E+03
44,9	-1,199339E+06	5,177630E+02	4,019093E+01	5,568179E+03
45,0	-1,199337E+06	5,432937E+02	3,980092E+01	5,568179E+03
45,1	-1,199337E+06	5,928532E+02	4,764104E+01	5,568179E+03
45,2	-1,199336E+06	6,075378E+02	4,876792E+01	5,568179E+03
45,3	-1,199337E+06	6,542183E+02	4,868381E+01	5,568179E+03
45,4	-1,199336E+06	6,225071E+02	5,069051E+01	5,568179E+03
45,5	-1,199336E+06	6,698784E+02	5,538196E+01	5,568179E+03
45,6	-1,199336E+06	6,266499E+02	4,648544E+01	5,568179E+03
45,7	-1,199336E+06	6,618552E+02	4,798124E+01	5,568179E+03
45,8	-1,199337E+06	6,418119E+02	4,187868E+01	5,568179E+03
45,9	-1,199338E+06	6,718747E+02	5,167354E+01	5,568179E+03
46,0	-1,199337E+06	5,906402E+02	4,644614E+01	5,568179E+03
46,1	-1,199337E+06	5,396106E+02	4,779997E+01	5,568179E+03
46,2	-1,199337E+06	5,045834E+02	5,603196E+01	5,568179E+03
46,3	-1,199339E+06	4,788770E+02	5,267460E+01	5,568179E+03
46,4	-1,199341E+06	4,621519E+02	5,194929E+01	5,568179E+03
46,5	-1,199341E+06	4,261064E+02	4,701251E+01	5,568179E+03
46,6	-1,199342E+06	4,044996E+02	4,778971E+01	5,568179E+03
46,7	-1,199343E+06	3,671925E+02	4,594636E+01	5,568179E+03
46,8	-1,199343E+06	3,206169E+02	4,398295E+01	5,568179E+03
46,9	-1,199344E+06	3,032463E+02	5,005511E+01	5,568179E+03
47,0	-1,199345E+06	2,828093E+02	4,792372E+01	5,568179E+03
47,1	-1,199346E+06	2,547152E+02	5,513835E+01	5,568179E+03
47,2	-1,199346E+06	2,337700E+02	5,613263E+01	5,568179E+03
47,3	-1,199346E+06	2,083065E+02	5,405422E+01	5,568179E+03
47,4	-1,199346E+06	1,823096E+02	5,659390E+01	5,568179E+03
47,5	-1,199346E+06	1,632031E+02	5,603783E+01	5,568179E+03
47,6	-1,199347E+06	1,570970E+02	5,510105E+01	5,568179E+03
47,7	-1,199347E+06	1,436062E+02	5,852369E+01	5,568179E+03
47,8	-1,199347E+06	1,328506E+02	5,540327E+01	5,568179E+03
47,9	-1,199348E+06	1,325781E+02	5,127364E+01	5,568179E+03
48,0	-1,199348E+06	1,322209E+02	5,202557E+01	5,568179E+03
48,1	-1,199348E+06	1,260166E+02	5,335594E+01	5,568179E+03
48,2	-1,199348E+06	1,146075E+02	5,013484E+01	5,568179E+03
48,3	-1,199348E+06	1,105999E+02	4,807483E+01	5,568179E+03
48,4	-1,199348E+06	1,085946E+02	5,086439E+01	5,568179E+03
48,5	-1,199348E+06	1,016532E+02	5,073913E+01	5,568179E+03
48,6	-1,199348E+06	1,030447E+02	5,193879E+01	5,568179E+03
48,7	-1,199348E+06	1,061383E+02	5,370793E+01	5,568179E+03
48,8	-1,199348E+06	1,010157E+02	5,381372E+01	5,568179E+03
48,9	-1,199348E+06	9,908790E+01	5,331444E+01	5,568179E+03
49,0	-1,199349E+06	1,002335E+02	5,487599E+01	5,568179E+03
49,1	-1,199348E+06	1,028931E+02	5,453484E+01	5,568179E+03
49,2	-1,199348E+06	1,070208E+02	5,470892E+01	5,568179E+03
49,3	-1,199348E+06	1,044652E+02	5,450432E+01	5,568179E+03
49,4	-1,199348E+06	1,083349E+02	5,690802E+01	5,568179E+03
49,5	-1,199348E+06	1,156799E+02	5,603572E+01	5,568179E+03
49,6	-1,199348E+06	1,213190E+02	5,220086E+01	5,568179E+03
49,7	-1,199348E+06	1,339139E+02	5,374037E+01	5,568179E+03
49,8	-1,199348E+06	1,325465E+02	5,106330E+01	5,568179E+03
49,9	-1,199347E+06	1,415867E+02	4,956170E+01	5,568179E+03
50,0	-1,199347E+06	1,529236E+02	5,068862E+01	5,568179E+03
50,1	-1,199347E+06	1,676172E+02	4,671877E+01	5,568179E+03
50,2	-1,199346E+06	1,807435E+02	4,682449E+01	5,568179E+03
50,3	-1,199346E+06	1,984539E+02	5,181958E+01	5,568179E+03
50,4	-1,199346E+06	2,137484E+02	5,220283E+01	5,568179E+03
50,5	-1,199345E+06	2,369730E+02	5,272508E+01	5,568179E+03
50,6	-1,199345E+06	2,589257E+02	5,393699E+01	5,568179E+03
50,7	-1,199345E+06	2,961290E+02	5,350419E+01	5,568179E+03
50,8	-1,199344E+06	3,196284E+02	5,271723E+01	5,568179E+03
50,9	-1,199343E+06	3,369457E+02	5,249758E+01	5,568179E+03
51,0	-1,199342E+06	3,786612E+02	5,451399E+01	5,568179E+03
51,1	-1,199341E+06	3,867256E+02	5,499280E+01	5,568179E+03
51,2	-1,199340E+06	4,014248E+02	5,288411E+01	5,568179E+03
51,3	-1,199340E+06	4,788536E+02	5,316503E+01	5,568179E+03
51,4	-1,199339E+06	5,141563E+02	5,485546E+01	5,568179E+03
51,5	-1,199339E+06	5,418794E+02	4,947275E+01	5,568179E+03
51,6	-1,199338E+06	5,774514E+02	5,286809E+01	5,568179E+03
51,7	-1,199337E+06	6,093210E+02	5,171791E+01	5,568179E+03
51,8	-1,199337E+06	6,614457E+02	5,095487E+01	5,568179E+03
51,9	-1,199336E+06	6,434767E+02	4,261485E+01	5,568179E+03
52,0	-1,199336E+06	6,690588E+02	5,054470E+01	5,568179E+03
52,1	-1,199335E+06	6,523458E+02	4,838092E+01	5,568179E+03
52,2	-1,199335E+06	6,334265E+02	4,504125E+01	5,568179E+03
52,3	-1,199335E+06	6,120698E+02	4,640981E+01	5,568179E+03
52,4	-1,199337E+06	6,613448E+02	5,107486E+01	5,568179E+03
52,5	-1,199337E+06	5,790717E+02	4,428930E+01	5,568179E+03
52,6	-1,199337E+06	5,803387E+02	5,180759E+01	5,568179E+03
52,7	-1,199338E+06	5,220483E+02	4,947332E+01	5,568179E+03
52,8	-1,199338E+06	4,705934E+02	4,490825E+01	5,568179E+03
52,9	-1,199339E+06	4,555079E+02	5,144943E+01	5,568179E+03
53,0	-1,199340E+06	4,246117E+02	5,266181E+01	5,568179E+03
53,1	-1,199340E+06	3,758150E+02	5,286799E+01	5,568179E+03
53,2	-1,199341E+06	3,397460E+02	5,298543E+01	5,568179E+03
53,3	-1,199342E+06	3,433524E+02	5,404094E+01	5,568179E+03
53,4	-1,199342E+06	2,986927E+02	5,416180E+01	5,568179E+03
53,5	-1,199343E+06	2,582429E+02	5,259340E+01	5,568179E+03
53,6	-1,199343E+06	2,506933E+02	5,279289E+01	5,568179E+03
53,7	-1,199344E+06	2,264063E+02	5,154456E+01	5,568179E+03
53,8	-1,199344E+06	2,154501E+02	4,884668E+01	5,568179E+03
53,9	-1,199345E+06	2,061828E+02	5,005863E+01	5,568179E+03
54,0	-1,199345E+06	1,731346E+02	4,895740E+01	5,568179E+03
54,1	-1,199345E+06	1,671737E+02	4,967992E+01	5,568179E+03
54,2	-1,199346E+06	1,569975E+02	4,955829E+01	5,568179E+03
54,3	-1,199346E+06	1,511422E+02	5,231604E+01	5,568179E+03
54,4	-1,199346E+06	1,325376E+02	5,378388E+01	5,568179E+03
54,5	-1,199346E+06	1,275247E+02	5,421572E+01	5,568179E+03
54,6	-1,199346E+06	1,234681E+02	5,489799E+01	5,568179E+03
54,7	-1,199347E+06	1,204561E+02	5,573640E+01	5,568179E+03
54,8	-1,199347E+06	1,124211E+02	5,346266E+01	5,568179E+03
54,9	-1,199347E+06	1,138718E+02	5,688296E+01	5,568179E+03
55,0	-1,199347E+06	1,079485E+02	5,495439E+01	5,568179E+03
55,1	-1,199347E+06	1,089073E+02	5,212608E+01	5,568179E+03
55,2	-1,199347E+06	1,008869E+02	5,342591E+01	5,568179E+03
55,3	-1,199347E+06	9,989754E+01	5,268741E+01	5,568179E+03
55,4	-1,199347E+06	1,013127E+02	5,125387E+01	5,568179E+03
55,5	-1,199347E+06	1,017353E+02	5,172372E+01	5,568179E+03
55,6	-1,199347E+06	1,038685E+02	5,161056E+01	5,568179E+03
55,7	-1,199347E+06	1,072076E+02	5,271756E+01	5,568179E+03
55,8	-1,199346E+06	1,087826E+02	5,258085E+01	5,568179E+03
55,9	-1,199346E+06	1,141598E+02	5,291858E+01	5,568179E+03
56,0	-1,199346E+06	1,248845E+02	5,543152E+01	5,568179E+03
56,1	-1,199346E+06	1,267306E+02	5,342731E+01	5,568179E+03
56,2	-1,199346E+06	1,359169E+02	5,274173E+01	5,568179E+03
56,3	-1,199346E+06	1,407033E+02	5,508827E+01	5,568179E+03
56,4	-1,199346E+06	1,486329E+02	5,469534E+01	5,568179E+03
56,5	-1,199345E+06	1,530123E+02	5,257115E+01	5,568179E+03
56,6	-1,199345E+06	1,619114E+02	5,405325E+01	5,568179E+03
56,7	-1,199345E+06	1,846222E+02	5,519460E+01	5,568179E+03
56,8	-1,199345E+06	1,880972E+02	5,385886E+01	5,568179E+03
56,9	-1,199345E+06	2,174132E+02	5,350211E+01	5,568179E+03
57,0	-1,199344E+06	2,488197E+02	5,282134E+01	5,568179E+03
57,1	-1,199344E+06	2,667927E+02	4,997379E+01	5,568179E+03
57,2	-1,199343E+06	2,810303E+02	4,997938E+01	5,568179E+03
57,3	-1,199343E+06	2,893688E+02	4,795709E+01	5,568179E+03
57,4	-1,199341E+06	3,231469E+02	5,081733E+01	5,568179E+03
57,5	-1,199341E+06	3,698877E+02	4,883197E+01	5,568179E+03
57,6	-1,199340E+06	3,917460E+02	4,876569E+01	5,568179E+03
57,7	-1,199340E+06	4,343229E+02	5,018272E+01	5,568179E+03
57,8	-1,199339E+06	4,644350E+02	5,455109E+01	5,568179E+03
57,9	-1,199339E+06	5,171962E+02	5,418947E+01	5,568179E+03
58,0	-1,199336E+06	5,180411E+02	5,263244E+01	5,568179E+03
58,1	-1,199336E+06	5,850909E+02	5,835900E+01	5,568179E+03
58,2	-1,199335E+06	5,935432E+02	5,422173E+01	5,568179E+03
58,3	-1,199336E+06	6,257674E+02	4,830659E+01	5,568179E+03
58,4	-1,199336E+06	6,583089E+02	4,766343E+01	5,568179E+03
58,5	-1,199336E+06	7,070545E+02	4,382568E+01	5,568179E+03
58,6	-1,199335E+06	6,628825E+02	4,870302E+01	5,568179E+03
58,7	-1,199335E+06	6,366777E+02	4,861056E+01	5,568179E+03
58,8	-1,199335E+06	6,548097E+02	4,391293E+01	5,568179E+03
58,9	-1,199335E+06	6,287050E+02	4,552153E+01	5,568179E+03
59,0	-1,199336E+06	6,049886E+02	4,732320E+01	5,568179E+03
59,1	-1,199337E+06	6,013869E+02	4,934392E+01	5,568179E+03
59,2	-1,199337E+06	5,441751E+02	4,603580E+01	5,568179E+03
59,3	-1,199338E+06	5,097597E+02	5,225913E+01	5,568179E+03
59,4	-1,199339E+06	4,891849E+02	5,113547E+01	5,568179E+03
59,5	-1,199340E+06	4,395883E+02	4,976355E+01	5,568179E+03
59,6	-1,199340E+06	3,958488E+02	5,317589E+01	5,568179E+03
59,7	-1,199341E+06	3,739015E+02	5,185361E+01	5,568179E+03
59,8	-1,199342E+06	3,184616E+02	5,186062E+01	5,568179E+03
59,9	-1,199343E+06	3,100199E+02	5,335490E+01	5,568179E+03
60,0	-1,199344E+06	2,857697E+02	5,335168E+01	5,568179E+03
60,1	-1,199343E+06	2,492257E+02	5,391859E+01	5,568179E+03
60,2	-1,199345E+06	2,382139E+02	5,061608E+01	5,568179E+03
60,3	-1,199345E+06	2,160180E+02	5,225273E+01	5,568179E+03
60,4	-1,199345E+06	1,952385E+02	5,307918E+01	5,568179E+03
60,5	-1,199345E+06	1,726311E+02	4,902373E+01	5,568179E+03
60,6	-1,199346E+06	1,684228E+02	5,271377E+01	5,568179E+03
60,7	-1,199346E+06	1,553126E+02	5,166123E+01	5,568179E+03
60,8	-1,199346E+06	1,444076E+02	5,022578E+01	5,568179E+03
60,9	-1,199346E+06	1,360493E+02	5,428797E+01	5,568179E+03
61,0	-1,199347E+06	1,360085E+02	5,499350E+01	5,568179E+03
61,1	-1,199346E+06	1,193803E+02	5,224335E+01	5,568179E+03
61,2	-1,199347E+06	1,219753E+02	5,454628E+01	5,568179E+03
61,3	-1,199347E+06	1,119866E+02	5,571388E+01	5,568179E+03
61,4	-1,199347E+06	1,127067E+02	5,373636E+01	5,568179E+03
61,5	-1,199346E+06	1,064044E+02	5,451645E+01	5,568179E+03
61,6	-1,199347E+06	1,038488E+02	5,398212E+01	5,568179E+03
61,7	-1,199347E+06	1,018290E+02	5,311234E+01	5,568179E+03
61,8	-1,199347E+06	1,070753E+02	5,332068E+01	5,568179E+03
61,9	-1,199347E+06	1,056435E+02	5,264623E+01	5,568179E+03
62,0	-1,199347E+06	1,027757E+02	5,084307E+01	5,568179E+03
62,1	-1,199346E+06	1,005744E+02	5,296226E+01	5,568179E+03
62,2	-1,199347E+06	1,119147E+02	5,258014E+01	5,568179E+03
62,3	-1,199347E+06	1,100077E+02	5,287672E+01	5,568179E+03
62,4	-1,199347E+06	1,158098E+02	5,390496E+01	5,568179E+03
62,5	-1,199346E+06	1,150885E+02	5,354300E+01	5,568179E+03
62,6	-1,199346E+06	1,219442E+02	5,370526E+01	5,568179E+03
62,7	-1,199346E+06	1,244370E+02	5,434107E+01	5,568179E+03
62,8	-1,199346E+06	1,405089E+02	5,241130E+01	5,568179E+03
62,9	-1,199346E+06	1,513834E+02	5,298550E+01	5,568179E+03
63,0	-1,199346E+06	1,617041E+02	5,215557E+01	5,568179E+03
63,1	-1,199346E+06	1,599995E+02	5,187948E+01	5,568179E+03
63,2	-1,199345E+06	1,708516E+02	5,425531E+01	5,568179E+03
63,3	-1,199344E+06	1,905401E+02	5,270094E+01	5,568179E+03
63,4	-1,199344E+06	1,961708E+02	5,019232E+01	5,568179E+03
63,5	-1,199343E+06	2,242329E+02	5,251040E+01	5,568179E+03
63,6	-1,199343E+06	2,535504E+02	5,036672E+01	5,568179E+03
63,7	-1,199343E+06	2,958487E+02	5,282170E+01	5,568179E+03
63,8	-1,199342E+06	3,082582E+02	4,636275E+01	5,568179E+03
63,9	-1,199342E+06	3,459161E+02	4,379382E+01	5,568179E+03
64,0	-1,199341E+06	3,589480E+02	4,837584E+01	5,568179E+03
64,1	-1,199340E+06	3,913095E+02	4,756172E+01	5,568179E+03
64,2	-1,199339E+06	4,290031E+02	4,160453E+01	5,568179E+03
64,3	-1,199339E+06	4,789083E+02	5,059372E+01	5,568179E+03
64,4	-1,199338E+06	4,804601E+02	4,963646E+01	5,568179E+03
64,5	-1,199337E+06	5,165838E+02	4,770654E+01	5,568179E+03
64,6	-1,199337E+06	5,409498E+02	5,187898E+01	5,568179E+03
64,7	-1,199337E+06	5,946670E+02	4,673932E+01	5,568179E+03
64,8	-1,199336E+06	5,934543E+02	4,479380E+01	5,568179E+03
64,9	-1,199337E+06	6,441163E+02	4,595345E+01	5,568179E+03
65,0	-1,199335E+06	6,590134E+02	4,674418E+01	5,568179E+03
65,1	-1,199336E+06	6,608603E+02	4,865112E+01	5,568179E+03
65,2	-1,199336E+06	6,707155E+02	4,796356E+01	5,568179E+03
65,3	-1,199335E+06	6,151764E+02	4,754544E+01	5,568179E+03
65,4	-1,199336E+06	6,151298E+02	5,382269E+01	5,568179E+03
65,5	-1,199337E+06	5,877068E+02	4,789302E+01	5,568179E+03
65,6	-1,199339E+06	6,055073E+02	4,330422E+01	5,568179E+03
65,7	-1,199338E+06	5,331064E+02	4,433644E+01	5,568179E+03
65,8	-1,199338E+06	4,934753E+02	4,584863E+01	5,568179E+03
65,9	-1,199339E+06	4,530535E+02	4,670648E+01	5,568179E+03
66,0	-1,199340E+06	4,345109E+02	4,377244E+01	5,568179E+03
66,1	-1,199341E+06	4,001035E+02	5,263341E+01	5,568179E+03
66,2	-1,199342E+06	3,665984E+02	5,393529E+01	5,568179E+03
66,3	-1,199343E+06	3,394723E+02	5,240319E+01	5,568179E+03
66,4	-1,199343E+06	3,018515E+02	5,501374E+01	5,568179E+03
66,5	-1,199344E+06	2,703989E+02	5,483871E+01	5,568179E+03
66,6	-1,199344E+06	2,543818E+02	5,446681E+01	5,568179E+03
66,7	-1,199344E+06	2,299180E+02	5,613715E+01	5,568179E+03
66,8	-1,199345E+06	2,122897E+02	5,368161E+01	5,568179E+03
66,9	-1,199345E+06	2,004053E+02	5,374875E+01	5,568179E+03
67,0	-1,199346E+06	1,815294E+02	5,444238E+01	5,568179E+03
67,1	-1,199346E+06	1,621923E+02	5,571706E+01	5,568179E+03
67,2	-1,199346E+06	1,538314E+02	5,234819E+01	5,568179E+03
67,3	-1,199346E+06	1,463246E+02	5,189566E+01	5,568179E+03
67,4	-1,199347E+06	1,409670E+02	5,025535E+01	5,568179E+03
67,5	-1,199347E+06	1,304044E+02	5,305286E+01	5,568179E+03
67,6	-1,199347E+06	1,261123E+02	5,070915E+01	5,568179E+03
67,7	-1,199347E+06	1,201451E+02	5,022210E+01	5,568179E+03
67,8	-1,199347E+06	1,145478E+02	5,004423E+01	5,568179E+03
67,9	-1,199347E+06	1,120081E+02	5,049525E+01	5,568179E+03
68,0	-1,199347E+06	1,078571E+02	5,167293E+01	5,568179E+03
68,1	-1,199347E+06	1,020224E+02	5,278774E+01	5,568179E+03
68,2	-1,199347E+06	1,002308E+02	5,310568E+01	5,568179E+03
68,3	-1,199347E+06	1,076613E+02	5,475455E+01	5,568179E+03
68,4	-1,199347E+06	1,009630E+02	5,469480E+01	5,568179E+03
68,5	-1,199347E+06	1,009537E+02	5,563257E+01	5,568179E+03
68,6	-1,199347E+06	1,066580E+02	5,632226E+01	5,568179E+03
68,7	-1,199347E+06	1,125044E+02	5,548002E+01	5,568179E+03
68,8	-1,199347E+06	1,097071E+02	5,463020E+01	5,568179E+03
68,9	-1,199347E+06	1,155257E+02	5,507640E+01	5,568179E+03
69,0	-1,199347E+06	1,172800E+02	5,452763E+01	5,568179E+03
69,1	-1,199347E+06	1,260399E+02	5,264585E+01	5,568179E+03
69,2	-1,199347E+06	1,363146E+02	5,169668E+01	5,568179E+03
69,3	-1,199346E+06	1,337479E+02	4,869381E+01	5,568179E+03
69,4	-1,199346E+06	1,426498E+02	5,051004E+01	5,568179E+03
69,5	-1,199346E+06	1,498499E+02	4,967115E+01	5,568179E+03
69,6	-1,199346E+06	1,641612E+02	4,813116E+01	5,568179E+03
69,7	-1,199346E+06	1,904465E+02	5,274960E+01	5,568179E+03
69,8	-1,199345E+06	1,970909E+02	5,370777E+01	5,568179E+03
69,9	-1,199345E+06	2,265076E+02	5,117014E+01	5,568179E+03
70,0	-1,199345E+06	2,419743E+02	5,501037E+01	5,568179E+03
70,1	-1,199345E+06	2,704825E+02	5,547325E+01	5,568179E+03
70,2	-1,199344E+06	2,828931E+02	4,909318E+01	5,568179E+03
70,3	-1,199343E+06	3,041619E+02	5,205817E+01	5,568179E+03
70,4	-1,199342E+06	3,340597E+02	5,717932E+01	5,568179E+03
70,5	-1,199342E+06	3,483317E+02	4,963580E+01	5,568179E+03
70,6	-1,199341E+06	3,823284E+02	4,723623E+01	5,568179E+03
70,7	-1,199340E+06	4,242872E+02	5,275181E+01	5,568179E+03
70,8	-1,199340E+06	4,603052E+02	5,153203E+01	5,568179E+03
70,9	-1,199339E+06	4,981715E+02	4,674036E+01	5,568179E+03
71,0	-1,199338E+06	5,524099E+02	4,611635E+01	5,568179E+03
71,1	-1,199338E+06	5,837123E+02	4,670523E+01	5,568179E+03
71,2	-1,199336E+06	6,139880E+02	4,796795E+01	5,568179E+03
71,3	-1,199336E+06	5,913820E+02	4,169985E+01	5,568179E+03
71,4	-1,199337E+06	6,771629E+02	4,979158E+01	5,568179E+03
71,5	-1,199336E+06	6,345950E+02	4,541759E+01	5,568179E+03
71,6	-1,199335E+06	6,552163E+02	4,518496E+01	5,568179E+03
71,7	-1,199336E+06	6,427408E+02	4,695901E+01	5,568179E+03
71,8	-1,199337E+06	6,435776E+02	5,043191E+01	5,568179E+03
71,9	-1,199336E+06	5,826853E+02	4,833352E+01	5,568179E+03
72,0	-1,199338E+06	6,003083E+02	4,583061E+01	5,568179E+03
72,1	-1,199338E+06	6,030153E+02	4,995089E+01	5,568179E+03
72,2	-1,199340E+06	5,430670E+02	4,811948E+01	5,568179E+03
72,3	-1,199340E+06	5,012801E+02	4,753583E+01	5,568179E+03
72,4	-1,199340E+06	4,569910E+02	5,228989E+01	5,568179E+03
72,5	-1,199342E+06	4,430284E+02	5,311941E+01	5,568179E+03
72,6	-1,199342E+06	4,042788E+02	5,134459E+01	5,568179E+03
72,7	-1,199342E+06	3,565258E+02	4,790195E+01	5,568179E+03
72,8	-1,199342E+06	3,282034E+02	4,575117E+01	5,568179E+03
72,9	-1,199343E+06	2,997834E+02	4,738066E+01	5,568179E+03
73,0	-1,199344E+06	2,760357E+02	4,952775E+01	5,568179E+03
73,1	-1,199344E+06	2,512110E+02	4,757207E+01	5,568179E+03
73,2	-1,199345E+06	2,283788E+02	4,848956E+01	5,568179E+03
73,3	-1,199346E+06	2,246937E+02	4,987366E+01	5,568179E+03
73,4	-1,199346E+06	1,915529E+02	5,405980E+01	5,568179E+03
73,5	-1,199346E+06	1,883751E+02	5,561076E+01	5,568179E+03
73,6	-1,199346E+06	1,679504E+02	5,234154E+01	5,568179E+03
73,7	-1,199347E+06	1,597725E+02	5,345461E+01	5,568179E+03
73,8	-1,199347E+06	1,453574E+02	5,582824E+01	5,568179E+03
73,9	-1,199347E+06	1,324547E+02	5,433787E+01	5,568179E+03
74,0	-1,199347E+06	1,305356E+02	5,608875E+01	5,568179E+03
74,1	-1,199347E+06	1,234555E+02	5,385948E+01	5,568179E+03
74,2	-1,199348E+06	1,211285E+02	5,211804E+01	5,568179E+03
74,3	-1,199348E+06	1,200147E+02	5,229753E+01	5,568179E+03
74,4	-1,199348E+06	1,066576E+02	5,160294E+01	5,568179E+03
74,5	-1,199347E+06	9,867406E+01	5,102786E+01	5,568179E+03
74,6	-1,199348E+06	1,106199E+02	5,161327E+01	5,568179E+03
74,7	-1,199347E+06	1,018750E+02	5,227728E+01	5,568179E+03
74,8	-1,199347E+06	1,003892E+02	5,327180E+01	5,568179E+03
74,9	-1,199347E+06	1,050369E+02	5,316344E+01	5,568179E+03
75,0	-1,199348E+06	1,075937E+02	5,287566E+01	5,568179E+03
75,1	-1,199347E+06	1,044140E+02	5,309136E+01	5,568179E+03
75,2	-1,199347E+06	1,044760E+02	5,445500E+01	5,568179E+03
75,3	-1,199347E+06	1,123136E+02	5,538272E+01	5,568179E+03
75,4	-1,199347E+06	1,121651E+02	5,562378E+01	5,568179E+03
75,5	-1,199347E+06	1,243740E+02	5,425078E+01	5,568179E+03
75,6	-1,199347E+06	1,303680E+02	5,164045E+01	5,568179E+03
75,7	-1,199347E+06	1,272947E+02	5,275334E+01	5,568179E+03
75,8	-1,199347E+06	1,331152E+02	5,437009E+01	5,568179E+03
75,9	-1,199347E+06	1,475999E+02	5,414604E+01	5,568179E+03
76,0	-1,199346E+06	1,580649E+02	5,209284E+01	5,568179E+03
76,1	-1,199346E+06	1,607264E+02	4,932748E+01	5,568179E+03
76,2	-1,199345E+06	1,824790E+02	5,135317E+01	5,568179E+03
76,3	-1,199345E+06	2,057288E+02	5,151976E+01	5,568179E+03
76,4	-1,199345E+06	2,205027E+02	5,025898E+01	5,568179E+03
76,5	-1,199344E+06	2,416046E+02	5,102290E+01	5,568179E+03
76,6	-1,199343E+06	2,379970E+02	5,096811E+01	5,568179E+03
76,7	-1,199344E+06	2,846027E+02	5,187674E+01	5,568179E+03
76,8	-1,199344E+06	3,385071E+02	5,271025E+01	5,568179E+03
76,9	-1,199342E+06	3,377855E+02	5,481937E+01	5,568179E+03
77,0	-1,199342E+06	3,694439E+02	5,293591E+01	5,568179E+03
77,1	-1,199341E+06	3,965999E+02	5,360719E+01	5,568179E+03
77,2	-1,199341E+06	4,531625E+02	5,232959E+01	5,568179E+03
77,3	-1,199340E+06	4,824315E+02	4,837008E+01	5,568179E+03
77,4	-1,199339E+06	5,085529E+02	4,764537E+01	5,568179E+03
77,5	-1,199338E+06	5,432838E+02	4,977265E+01	5,568179E+03
77,6	-1,199336E+06	5,646900E+02	4,889908E+01	5,568179E+03
77,7	-1,199337E+06	6,175477E+02	5,062054E+01	5,568179E+03
77,8	-1,199337E+06	6,391570E+02	4,657250E+01	5,568179E+03
77,9	-1,199337E+06	6,752147E+02	5,012370E+01	5,568179E+03
78,0	-1,199336E+06	6,562527E+02	4,858971E+01	5,568179E+03
78,1	-1,199335E+06	6,447544E+02	5,258317E+01	5,568179E+03
78,2	-1,199336E+06	6,371778E+02	4,701144E+01	5,568179E+03
78,3	-1,199335E+06	6,167946E+02	5,043455E+01	5,568179E+03
78,4	-1,199337E+06	6,223287E+02	4,466865E+01	5,568179E+03
78,5	-1,199337E+06	5,969587E+02	5,069819E+01	5,568179E+03
78,6	-1,199338E+06	5,701336E+02	4,887536E+01	5,568179E+03
78,7	-1,199339E+06	5,276438E+02	4,352490E+01	5,568179E+03
78,8	-1,199340E+06	4,833971E+02	5,113119E+01	5,568179E+03
78,9	-1,199340E+06	4,474145E+02	5,188187E+01	5,568179E+03
79,0	-1,199341E+06	4,209227E+02	4,677806E+01	5,568179E+03
79,1	-1,199342E+06	3,942223E+02	5,156681E+01	5,568179E+03
79,2	-1,199342E+06	3,809082E+02	5,196517E+01	5,568179E+03
79,3	-1,199342E+06	3,495546E+02	5,398688E+01	5,568179E+03
79,4	-1,199342E+06	2,825787E+02	5,235779E+01	5,568179E+03
79,5	-1,199343E+06	2,760379E+02	5,236462E+01	5,568179E+03
79,6	-1,199344E+06	2,302057E+02	4,746414E+01	5,568179E+03
79,7	-1,199345E+06	2,385835E+02	5,395171E+01	5,568179E+03
79,8	-1,199345E+06	2,102015E+02	5,083260E+01	5,568179E+03
79,9	-1,199345E+06	2,006896E+02	5,222965E+01	5,568179E+03
80,0	-1,199345E+06	1,774212E+02	5,226231E+01	5,568179E+03
80,1	-1,199346E+06	1,588982E+02	5,062406E+01	5,568179E+03
80,2	-1,199346E+06	1,552117E+02	5,276150E+01	5,568179E+03
80,3	-1,199346E+06	1,426546E+02	5,396124E+01	5,568179E+03
80,4	-1,199346E+06	1,370475E+02	5,212296E+01	5,568179E+03
80,5	-1,199346E+06	1,321972E+02	5,212792E+01	5,568179E+03
80,6	-1,199346E+06	1,237251E+02	5,218222E+01	5,568179E+03
80,7	-1,199347E+06	1,208030E+02	5,568230E+01	5,568179E+03
80,8	-1,199347E+06	1,119468E+02	5,485519E+01	5,568179E+03
80,9	-1,199347E+06	1,109298E+02	5,316243E+01	5,568179E+03
81,0	-1,199347E+06	9,952317E+01	5,198072E+01	5,568179E+03
81,1	-1,199347E+06	1,107915E+02	5,524177E+01	5,568179E+03
81,2	-1,199347E+06	1,044724E+02	5,188004E+01	5,568179E+03
81,3	-1,199347E+06	1,061970E+02	5,369131E+01	5,568179E+03
81,4	-1,199347E+06	1,026353E+02	5,294351E+01	5,568179E+03
81,5	-1,199347E+06	1,019643E+02	4,982887E+01	5,568179E+03
81,6	-1,199347E+06	1,031330E+02	5,297406E+01	5,568179E+03
81,7	-1,199347E+06	1,095519E+02	5,503395E+01	5,568179E+03
81,8	-1,199347E+06	1,078326E+02	5,082501E+01	5,568179E+03
81,9	-1,199346E+06	1,099249E+02	5,148784E+01	5,568179E+03
82,0	-1,199346E+06	1,192614E+02	5,219129E+01	5,568179E+03
82,1	-1,199346E+06	1,317353E+02	5,409462E+01	5,568179E+03
82,2	-1,199346E+06	1,345622E+02	5,358348E+01	5,568179E+03
82,3	-1,199346E+06	1,318203E+02	5,284996E+01	5,568179E+03
82,4	-1,199346E+06	1,507614E+02	5,151064E+01	5,568179E+03
82,5	-1,199346E+06	1,658857E+02	5,326809E+01	5,568179E+03
82,6	-1,199346E+06	1,725024E+02	5,545841E+01	5,568179E+03
82,7	-1,199345E+06	1,920712E+02	5,428800E+01	5,568179E+03
82,8	-1,199345E+06	1,989446E+02	5,064543E+01	5,568179E+03
82,9	-1,199344E+06	2,139983E+02	5,177999E+01	5,568179E+03
83,0	-1,199344E+06	2,326429E+02	5,411471E+01	5,568179E+03
83,1	-1,199344E+06	2,540528E+02	5,188998E+01	5,568179E+03
83,2	-1,199343E+06	2,826435E+02	5,071126E+01	5,568179E+03
83,3	-1,199343E+06	3,114361E+02	4,916068E+01	5,568179E+03
83,4	-1,199342E+06	3,553905E+02	4,894100E+01	5,568179E+03
83,5	-1,199342E+06	3,867792E+02	4,969734E+01	5,568179E+03
83,6	-1,199341E+06	3,778061E+02	4,845641E+01	5,568179E+03
83,7	-1,199341E+06	4,517724E+02	4,702754E+01	5,568179E+03
83,8	-1,199341E+06	5,267852E+02	4,954207E+01	5,568179E+03
83,9	-1,199339E+06	5,138232E+02	5,196423E+01	5,568179E+03
84,0	-1,199338E+06	5,188623E+02	4,756518E+01	5,568179E+03
84,1	-1,199338E+06	5,786191E+02	5,068946E+01	5,568179E+03
84,2	-1,199339E+06	6,213505E+02	5,128868E+01	5,568179E+03
84,3	-1,199338E+06	6,650542E+02	5,232226E+01	5,568179E+03
84,4	-1,199338E+06	6,619030E+02	4,483769E+01	5,568179E+03
84,5	-1,199337E+06	6,885037E+02	5,144690E+01	5,568179E+03
84,6	-1,199336E+06	6,851850E+02	4,830248E+01	5,568179E+03
84,7	-1,199337E+06	6,761927E+02	4,577503E+01	5,568179E+03
84,8	-1,199336E+06	6,423523E+02	5,095571E+01	5,568179E+03
84,9	-1,199336E+06	6,049951E+02	4,948744E+01	5,568179E+03
85,0	-1,199337E+06	5,829376E+02	4,781304E+01	5,568179E+03
85,1	-1,199337E+06	5,632396E+02	4,752918E+01	5,568179E+03
85,2	-1,199338E+06	5,240829E+02	5,151755E+01	5,568179E+03
85,3	-1,199339E+06	4,898844E+02	5,024306E+01	5,568179E+03
85,4	-1,199340E+06	4,758998E+02	4,787228E+01	5,568179E+03
85,5	-1,199341E+06	4,186140E+02	5,044307E+01	5,568179E+03
85,6	-1,199341E+06	3,801602E+02	5,048425E+01	5,568179E+03
85,7	-1,199342E+06	3,610231E+02	5,220621E+01	5,568179E+03
85,8	-1,199343E+06	3,161700E+02	5,499677E+01	5,568179E+03
85,9	-1,199343E+06	2,843293E+02	5,158828E+01	5,568179E+03
86,0	-1,199344E+06	2,654814E+02	5,031921E+01	5,568179E+03
86,1	-1,199345E+06	2,497026E+02	5,677649E+01	5,568179E+03
86,2	-1,199345E+06	2,368710E+02	5,381802E+01	5,568179E+03
86,3	-1,199346E+06	2,175734E+02	5,011629E+01	5,568179E+03
86,4	-1,199346E+06	2,016887E+02	5,260474E+01	5,568179E+03
86,5	-1,199346E+06	1,807992E+02	5,539684E+01	5,568179E+03
86,6	-1,199346E+06	1,577921E+02	5,227574E+01	5,568179E+03
86,7	-1,199347E+06	1,604818E+02	5,250745E+01	5,568179E+03
86,8	-1,199347E+06	1,481634E+02	5,033789E+01	5,568179E+03
86,9	-1,199347E+06	1,327783E+02	5,269096E+01	5,568179E+03
87,0	-1,199347E+06	1,314118E+02	5,292220E+01	5,568179E+03
87,1	-1,199347E+06	1,162187E+02	5,406455E+01	5,568179E+03
87,2	-1,199348E+06	1,280363E+02	5,394518E+01	5,568179E+03
87,3	-1,199347E+06	1,119038E+02	5,149303E+01	5,568179E+03
87,4	-1,199347E+06	1,082632E+02	5,474407E+01	5,568179E+03
87,5	-1,199347E+06	1,097139E+02	5,670483E+01	5,568179E+03
87,6	-1,199348E+06	1,042055E+02	5,359563E+01	5,568179E+03
87,7	-1,199348E+06	1,044812E+02	5,347530E+01	5,568179E+03
87,8	-1,199348E+06	1,091331E+02	5,436543E+01	5,568179E+03
87,9	-1,199348E+06	1,065176E+02	5,304150E+01	5,568179E+03
88,0	-1,199348E+06	1,024068E+02	5,458891E+01	5,568179E+03
88,1	-1,199348E+06	1,084965E+02	5,437711E+01	5,568179E+03
88,2	-1,199348E+06	1,132821E+02	5,132395E+01	5,568179E+03
88,3	-1,199347E+06	1,139994E+02	5,095637E+01	5,568179E+03
88,4	-1,199347E+06	1,095011E+02	5,203559E+01	5,568179E+03
88,5	-1,199347E+06	1,236461E+02	5,306082E+01	5,568179E+03
88,6	-1,199347E+06	1,284379E+02	5,105630E+01	5,568179E+03
88,7	-1,199347E+06	1,309168E+02	5,290652E+01	5,568179E+03
88,8	-1,199347E+06	1,475523E+02	5,481708E+01	5,568179E+03
88,9	-1,199347E+06	1,527620E+02	5,514313E+01	5,568179E+03
89,0	-1,199346E+06	1,539588E+02	5,458830E+01	5,568179E+03
89,1	-1,199346E+06	1,671734E+02	5,367502E+01	5,568179E+03
89,2	-1,199345E+06	1,692746E+02	5,445354E+01	5,568179E+03
89,3	-1,199346E+06	1,959518E+02	5,416465E+01	5,568179E+03
89,4	-1,199345E+06	2,078424E+02	5,436464E+01	5,568179E+03
89,5	-1,199344E+06	2,150658E+02	5,553550E+01	5,568179E+03
89,6	-1,199344E+06	2,458929E+02	5,073394E+01	5,568179E+03
89,7	-1,199343E+06	2,742786E+02	5,202268E+01	5,568179E+03
89,8	-1,199343E+06	3,012702E+02	5,443621E+01	5,568179E+03
89,9	-1,199343E+06	3,479008E+02	5,059238E+01	5,568179E+03
90,0	-1,199342E+06	3,696762E+02	5,022644E+01	5,568179E+03
90,1	-1,199341E+06	4,204068E+02	5,163973E+01	5,568179E+03
90,2	-1,199341E+06	4,588032E+02	4,853070E+01	5,568179E+03
90,3	-1,199340E+06	4,588904E+02	5,107353E+01	5,568179E+03
90,4	-1,199339E+06	5,058234E+02	4,816839E+01	5,568179E+03
90,5	-1,199339E+06	5,595865E+02	4,944933E+01	5,568179E+03
90,6	-1,199338E+06	5,455572E+02	4,729761E+01	5,568179E+03
90,7	-1,199338E+06	6,264628E+02	5,203622E+01	5,568179E+03
90,8	-1,199337E+06	6,199715E+02	5,110715E+01	5,568179E+03
90,9	-1,199336E+06	6,443647E+02	5,154828E+01	5,568179E+03
91,0	-1,199337E+06	6,616257E+02	5,288612E+01	5,568179E+03
91,1	-1,199337E+06	6,410874E+02	4,923867E+01	5,568179E+03
91,2	-1,199338E+06	6,676929E+02	5,149791E+01	5,568179E+03
91,3	-1,199337E+06	6,471633E+02	5,247475E+01	5,568179E+03
91,4	-1,199337E+06	6,195637E+02	5,293001E+01	5,568179E+03
91,5	-1,199337E+06	5,824121E+02	4,766374E+01	5,568179E+03
91,6	-1,199337E+06	5,535900E+02	4,707008E+01	5,568179E+03
91,7	-1,199339E+06	5,355882E+02	4,965563E+01	5,568179E+03
91,8	-1,199339E+06	4,868592E+02	4,965781E+01	5,568179E+03
91,9	-1,199340E+06	4,661031E+02	4,649780E+01	5,568179E+03
92,0	-1,199341E+06	4,520668E+02	5,012206E+01	5,568179E+03
92,1	-1,199341E+06	3,936418E+02	5,292538E+01	5,568179E+03
92,2	-1,199342E+06	3,597103E+02	5,294881E+01	5,568179E+03
92,3	-1,199343E+06	3,089481E+02	4,841702E+01	5,568179E+03
92,4	-1,199344E+06	3,201494E+02	5,204421E+01	5,568179E+03
92,5	-1,199345E+06	2,683047E+02	5,115298E+01	5,568179E+03
92,6	-1,199344E+06	2,605370E+02	5,328766E+01	5,568179E+03
92,7	-1,199345E+06	2,310326E+02	5,218966E+01	5,568179E+03
92,8	-1,199345E+06	1,964093E+02	5,270165E+01	5,568179E+03
92,9	-1,199345E+06	1,881489E+02	5,398307E+01	5,568179E+03
93,0	-1,199346E+06	1,700553E+02	5,119621E+01	5,568179E+03
93,1	-1,199346E+06	1,652274E+02	5,433278E+01	5,568179E+03
93,2	-1,199347E+06	1,531763E+02	5,428992E+01	5,568179E+03
93,3	-1,199347E+06	1,420396E+02	5,272091E+01	5,568179E+03
93,4	-1,199347E+06	1,399869E+02	5,395553E+01	5,568179E+03
93,5	-1,199347E+06	1,217769E+02	5,433035E+01	5,568179E+03
93,6	-1,199348E+06	1,259625E+02	5,382079E+01	5,568179E+03
93,7	-1,199348E+06	1,186497E+02	5,230569E+01	5,568179E+03
93,8	-1,199348E+06	1,143452E+02	5,234577E+01	5,568179E+03
93,9	-1,199348E+06	1,074848E+02	5,243079E+01	5,568179E+03
94,0	-1,199348E+06	1,092682E+02	5,321291E+01	5,568179E+03
94,1	-1,199348E+06	1,050466E+02	5,190358E+01	5,568179E+03
94,2	-1,199348E+06	1,070780E+02	5,272895E+01	5,568179E+03
94,3	-1,199348E+06	1,034548E+02	5,351719E+01	5,568179E+03
94,4	-1,199348E+06	1,053788E+02	5,293378E+01	5,568179E+03
94,5	-1,199348E+06	1,003524E+02	5,428780E+01	5,568179E+03
94,6	-1,199348E+06	1,084050E+02	5,429067E+01	5,568179E+03
94,7	-1,199348E+06	1,098252E+02	5,347937E+01	5,568179E+03
94,8	-1,199348E+06	1,118799E+02	5,410203E+01	5,568179E+03
94,9	-1,199347E+06	1,130519E+02	5,313478E+01	5,568179E+03
95,0	-1,199348E+06	1,219429E+02	5,223261E+01	5,568179E+03
95,1	-1,199347E+06	1,243094E+02	5,357181E+01	5,568179E+03
95,2	-1,199347E+06	1,350525E+02	5,361361E+01	5,568179E+03
95,3	-1,199347E+06	1,332099E+02	5,151649E+01	5,568179E+03
95,4	-1,199347E+06	1,459649E+02	5,315392E+01	5,568179E+03
95,5	-1,199347E+06	1,572939E+02	5,293943E+01	5,568179E+03
95,6	-1,199347E+06	1,715919E+02	5,093874E+01	5,568179E+03
95,7	-1,199346E+06	1,863437E+02	5,595437E+01	5,568179E+03
95,8	-1,199346E+06	1,994218E+02	5,448445E+01	5,568179E+03
95,9	-1,199346E+06	2,150907E+02	4,981373E+01	5,568179E+03
96,0	-1,199345E+06	2,318617E+02	5,271293E+01	5,568179E+03
96,1	-1,199345E+06	2,530193E+02	5,316136E+01	5,568179E+03
96,2	-1,199344E+06	2,839693E+02	5,050245E+01	5,568179E+03
96,3	-1,199344E+06	3,156721E+02	5,161156E+01	5,568179E+03
96,4	-1,199344E+06	3,608272E+02	5,402222E+01	5,568179E+03
96,5	-1,199343E+06	3,815344E+02	5,182781E+01	5,568179E+03
96,6	-1,199342E+06	4,121695E+02	5,017406E+01	5,568179E+03
96,7	-1,199341E+06	4,228397E+02	5,075608E+01	5,568179E+03
96,8	-1,199340E+06	4,723009E+02	5,256359E+01	5,568179E+03
96,9	-1,199340E+06	5,417243E+02	4,871033E+01	5,568179E+03
97,0	-1,199339E+06	5,295688E+02	4,781402E+01	5,568179E+03
97,1	-1,199337E+06	5,609118E+02	5,369429E+01	5,568179E+03
97,2	-1,199337E+06	6,008829E+02	4,753233E+01	5,568179E+03
97,3	-1,199338E+06	6,193397E+02	4,093086E+01	5,568179E+03
97,4	-1,199337E+06	6,430685E+02	4,646588E+01	5,568179E+03
97,5	-1,199336E+06	6,336404E+02	4,815622E+01	5,568179E+03
97,6	-1,199336E+06	6,200893E+02	4,480939E+01	5,568179E+03
97,7	-1,199337E+06	6,897497E+02	5,019750E+01	5,568179E+03
97,8	-1,199338E+06	6,789301E+02	4,917701E+01	5,568179E+03
97,9	-1,199337E+06	6,184284E+02	4,800286E+01	5,568179E+03
98,0	-1,199337E+06	5,825643E+02	5,077417E+01	5,568179E+03
98,1	-1,199339E+06	5,892317E+02	5,424285E+01	5,568179E+03
98,2	-1,199339E+06	5,190912E+02	4,672256E+01	5,568179E+03
98,3	-1,199340E+06	5,125113E+02	4,996133E+01	5,568179E+03
98,4	-1,199341E+06	4,793669E+02	5,329288E+01	5,568179E+03
98,5	-1,199341E+06	4,110890E+02	5,061614E+01	5,568179E+03
98,6	-1,199341E+06	3,871955E+02	5,028626E+01	5,568179E+03
98,7	-1,199342E+06	3,528686E+02	4,881793E+01	5,568179E+03
98,8	-1,199343E+06	3,258782E+02	5,329162E+01	5,568179E+03
98,9	-1,199344E+06	2,939993E+02	5,348125E+01	5,568179E+03
99,0	-1,199345E+06	2,873960E+02	5,168254E+01	5,568179E+03
99,1	-1,199345E+06	2,369668E+02	5,565275E+01	5,568179E+03
99,2	-1,199346E+06	2,344828E+02	5,194330E+01	5,568179E+03
99,3	-1,199346E+06	2,077653E+02	5,221073E+01	5,568179E+03
99,4	-1,199346E+06	1,963864E+02	5,441086E+01	5,568179E+03
99,5	-1,199346E+06	1,719167E+02	5,287200E+01	5,568179E+03
99,6	-1,199347E+06	1,635371E+02	5,453349E+01	5,568179E+03
99,7	-1,199347E+06	1,591988E+02	5,408089E+01	5,568179E+03
99,8	-1,199347E+06	1,527743E+02	5,272691E+01	5,568179E+03
99,9	-1,199348E+06	1,417089E+02	5,341838E+01	5,568179E+03
100,0	-1,199348E+06	1,261669E+02	5,193865E+01	5,568179E+03
